open console:
python3 part3.py

Sample output 


   	      	                    fitness                    	                      size                     
   	      	-----------------------------------------------	-----------------------------------------------
gen	nevals	avg    	gen	max    	min    	nevals	std    	avg  	gen	max	min	nevals	std    
0  	500   	380.205	0  	1282.45	132.209	500   	86.0447	3.506	0  	7  	2  	500   	1.42757
1  	283   	334.914	1  	874.666	94.6878	283   	77.336 	3.64 	1  	10 	1  	283   	1.4207 
2  	300   	284.201	2  	1292.51	83.7719	300   	102.059	3.86 	2  	11 	1  	300   	1.59135
3  	280   	258.341	3  	6648.71	83.7719	280   	354.729	3.918	3  	10 	1  	280   	1.49642
4  	270   	261.878	4  	6648.71	83.7719	270   	400.378	4.056	4  	14 	1  	270   	1.66639
5  	293   	239.139	5  	6648.71	47.0665	293   	412.089	4.416	5  	15 	1  	293   	1.8152 
6  	272   	516.967	6  	162978 	38.7553	272   	7276.25	5.144	6  	14 	1  	272   	2.1268 
7  	300   	245.799	7  	4442.1 	25.5313	300   	396.692	5.96 	7  	15 	1  	300   	2.31396
8  	277   	280.741	8  	38243.2	23.581 	277   	1764.84	6.748	8  	16 	1  	277   	2.52676
9  	257   	183.402	9  	2059.44	15.0986	257   	354.173	7.868	9  	20 	1  	257   	2.62804
10 	271   	156.034	10 	2482.12	11.6186	271   	338.625	8.85 	10 	17 	1  	271   	2.76179
11 	262   	120.878	11 	2297.38	8.93977	262   	283.449	9.554	11 	20 	1  	262   	2.88428
12 	271   	120.764	12 	2346.63	8.93977	271   	313.098	10.278	12 	26 	1  	271   	3.07518
13 	263   	110.215	13 	3034.38	4.43854	263   	315.446	11.246	13 	25 	1  	263   	3.34447
14 	275   	97.7521	14 	3491.52	2.42391	275   	314.212	12.086	14 	27 	1  	275   	3.77447
15 	291   	120.682	15 	3150.71	2.42391	291   	388.985	13.33 	15 	30 	3  	291   	4.00064
16 	257   	113.388	16 	3908.31	0.291403	257   	400.708	13.908	16 	31 	1  	257   	4.42262
17 	290   	113.327	17 	3476.81	0.00040022	290   	405.668	14.642	17 	31 	1  	290   	3.96911
18 	265   	75.9397	18 	3480.61	0.00040022	265   	298.443	15.396	18 	34 	1  	265   	4.37529
19 	295   	98.5467	19 	6137.11	0.146179  	295   	403.634	16.784	19 	37 	2  	295   	4.81636
20 	287   	115.312	20 	5971.92	0.146179  	287   	480.695	17.202	20 	45 	1  	287   	5.31462
21 	283   	88.3546	21 	5004.69	0.00272349	283   	396.598	18.438	21 	36 	3  	283   	5.00381
22 	271   	93.4075	22 	4656.25	0.00272349	271   	407.19 	19.004	22 	45 	1  	271   	6.17025
23 	320   	85.3306	23 	4250.7 	0.00040022	320   	387.455	20.004	23 	44 	1  	320   	6.56871
24 	275   	65.0427	24 	4525.11	0.00272349	275   	332.143	20.882	24 	43 	2  	275   	5.86959
25 	280   	41.612 	25 	2215.25	0.00178714	280   	148.899	22.106	25 	49 	2  	280   	5.77847
26 	292   	42.1022	26 	2065.97	0.000594714	292   	168.521	22.818	26 	45 	3  	292   	5.78315
27 	275   	34.6127	27 	4475.44	0.000594714	275   	207.826	23.108	27 	46 	1  	275   	5.38817
28 	261   	37.1949	28 	4017.53	0.000594714	261   	191.075	23.196	28 	45 	1  	261   	5.14564
29 	265   	58.4469	29 	8223.68	0.000594714	265   	455.399	23.376	29 	53 	1  	265   	5.74723
30 	279   	45.3713	30 	4162.37	0.000480572	279   	234.456	23.158	30 	44 	3  	279   	5.32889
31 	261   	56.1994	31 	4085.91	0.000480572	261   	340.669	23.25 	31 	53 	3  	261   	5.02986
32 	284   	39.6803	32 	2073.59	0.00040327 	284   	145.794	23.29 	32 	45 	2  	284   	5.76939
33 	272   	56.1734	33 	4502.23	0.00040327 	272   	331.254	23.232	33 	51 	3  	272   	5.65952
34 	270   	47.3444	34 	2530.15	0.00040327 	270   	227.03 	23.01 	34 	43 	3  	270   	4.64649
35 	281   	51.357 	35 	2224.54	0.00040327 	281   	193.794	22.936	35 	43 	2  	281   	5.28393
36 	250   	35.0276	36 	2426.21	0.00040022 	250   	155.016	22.854	36 	51 	3  	250   	4.4435 
37 	290   	36.1647	37 	2063.21	0.00040022 	290   	114.611	22.796	37 	41 	3  	290   	4.94716
38 	228   	38.7541	38 	4501.79	0.00040327 	228   	216.306	22.758	38 	47 	2  	228   	4.76817
39 	280   	56.9336	39 	3764.95	0.00040327 	280   	286.212	22.818	39 	39 	1  	280   	4.23519
40 	286   	34.4464	40 	2073.11	0.00040327 	286   	142.517	23.03 	40 	39 	1  	286   	3.91575
41 	278   	40.1265	41 	2426.96	0.00040327 	278   	178.568	22.972	41 	37 	1  	278   	3.65174
42 	276   	42.4432	42 	2426.96	0.000400413	276   	178.117	23.248	42 	41 	5  	276   	4.20791
43 	251   	26.7947	43 	2427.1 	0.000400413	251   	120.618	23.358	43 	47 	6  	251   	4.09119
44 	277   	31.2623	44 	2426.73	0.000400413	277   	122.833	23.43 	44 	45 	1  	277   	4.50745
45 	295   	39.7511	45 	2426.66	0.000400413	295   	157.191	23.246	45 	45 	3  	295   	4.83709
46 	271   	50.4996	46 	5123.31	0.000400413	271   	314.401	23.256	46 	41 	1  	271   	4.21028
47 	257   	39.8953	47 	3839.33	0.000400413	257   	207.64 	23.234	47 	43 	1  	257   	4.85626
48 	299   	39.6835	48 	3714.48	0.000400413	299   	198.759	23.298	48 	46 	1  	299   	4.92191
49 	266   	59.1037	49 	3839.33	0.000400413	266   	292.874	23.49 	49 	55 	2  	266   	4.99058
50 	276   	54.8771	50 	3782.61	0.000400413	276   	281.351	23.512	50 	42 	4  	276   	4.37011
51 	266   	57.0203	51 	3839.33	0.000400413	266   	315.779	23.58 	51 	42 	2  	266   	4.48326
52 	269   	30.3523	52 	2223.31	0.000400413	269   	115.577	23.572	52 	42 	3  	269   	4.49097
53 	269   	47.4801	53 	2423.5 	0.000400413	269   	213.816	23.362	53 	42 	1  	269   	5.00269
54 	278   	39.0416	54 	2423.48	0.000400413	278   	131.073	23.694	54 	58 	1  	278   	5.36324
55 	257   	25.1307	55 	694.071	0.000400413	257   	65.6466	23.662	55 	45 	3  	257   	4.57906
56 	275   	34.1106	56 	2063.28	0.000400413	275   	142.408	23.724	56 	41 	1  	275   	4.28157
57 	299   	55.6071	57 	4253.59	0.000400413	299   	304.369	23.946	57 	48 	3  	299   	5.0079 
58 	247   	31.693 	58 	2063.28	0.000400413	247   	110.114	23.822	58 	41 	5  	247   	4.15431
59 	286   	46.6177	59 	4257.51	0.000400413	286   	259.52 	24.094	59 	45 	3  	286   	4.28593
60 	253   	54.4   	60 	4253.59	0.000400413	253   	330.388	24.228	60 	44 	5  	253   	4.4891 
add(add(add(mul(x, x), x), add(add(x, 0.9686018145497003), add(x, add(0.5876498156126854, 0.8831872746805796)))), add(0.5876498156126854, add(x, 0.9686018145497003)))
0.00040021955458076065
   	      	                    fitness                    	                      size                     
   	      	-----------------------------------------------	-----------------------------------------------
gen	nevals	avg    	gen	max    	min    	nevals	std    	avg  	gen	max	min	nevals	std    
0  	500   	376.313	0  	896.842	147.825	500   	62.8669	3.406	0  	7  	2  	500   	1.37156
1  	287   	419.918	1  	37739.2	147.825	287   	1673.48	3.682	1  	9  	1  	287   	1.44668
2  	272   	402.615	2  	50931.8	94.6878	272   	2264.33	3.738	2  	11 	1  	272   	1.40903
3  	276   	263.776	3  	6648.71	51.7705	276   	307.442	3.972	3  	15 	1  	276   	1.58972
4  	304   	244.034	4  	6648.71	51.7705	304   	433.255	4.054	4  	12 	1  	304   	1.64654
5  	246   	208.648	5  	1469.46	51.7705	246   	209.066	4.424	5  	14 	1  	246   	1.87196
6  	257   	199.692	6  	2029.49	24.7535	257   	248.718	5.096	6  	13 	1  	257   	2.13326
7  	279   	210.557	7  	7073.6 	24.7535	279   	423.846	5.782	7  	15 	1  	279   	2.18872
8  	262   	163.436	8  	1666.46	24.1461	262   	245.946	6.604	8  	17 	1  	262   	2.43704
9  	278   	228.88 	9  	9278.77	23.7433	278   	790.888	7.59 	9  	18 	1  	278   	2.84638
10 	262   	286.293	10 	38396.6	8.90046	262   	1909.21	8.3  	10 	23 	1  	262   	2.95601
11 	254   	130.1  	11 	2808.92	8.90046	254   	283.245	8.912	11 	22 	1  	254   	2.86919
12 	280   	148.838	12 	10284  	8.90046	280   	538.469	9.534	12 	21 	1  	280   	3.0589 
13 	289   	130.794	13 	6021.84	6.192  	289   	430.074	10.422	13 	29 	1  	289   	3.42344
14 	287   	135.689	14 	4728.54	3.11292	287   	438.405	11.602	14 	31 	1  	287   	4.02338
15 	282   	141.241	15 	4480.32	3.11292	282   	502.505	13.106	15 	36 	2  	282   	4.73907
16 	285   	136.032	16 	5818.51	2.48666	285   	498.525	14.818	16 	37 	2  	285   	5.83308
17 	290   	430.842	17 	146187 	0.591204	290   	6563.31	16.624	17 	40 	2  	290   	6.49974
18 	289   	2334.95	18 	1.10785e+06	0.407993	289   	49492.417.828	18 	42 	1  	289   	6.75976
19 	252   	143.21 	19 	7802.12    	0.369488	252   	728.18619.286	19 	46 	1  	252   	6.66215
20 	303   	216.197	20 	21709.1    	0.209396	303   	1210.7420.34 	20 	54 	3  	303   	7.44341
21 	245   	70.5758	21 	9479.62    	0.208456	245   	479.84721.416	21 	52 	3  	245   	7.06392
22 	263   	70.1342	22 	9315.58    	0.0189682	263   	485.29522.338	22 	46 	3  	263   	6.52133
23 	289   	182.22 	23 	58152.7    	0.0612273	289   	2630.8 23.63 	23 	52 	1  	289   	7.43378
24 	273   	57.4639	24 	6583.35    	0.00976445	273   	393.97924.854	24 	51 	1  	273   	7.75324
25 	268   	47.2504	25 	4197.71    	0.00469371	268   	278.68825.524	25 	50 	2  	268   	7.12527
26 	268   	38.9311	26 	6430.35    	0.000540199	268   	294.18125.874	26 	57 	1  	268   	7.66121
27 	298   	54.0838	27 	5220.78    	0.000460935	298   	326.75526.48 	27 	57 	1  	298   	8.16637
28 	268   	36.7034	28 	2680.05    	0.000540199	268   	195.90427.558	28 	59 	1  	268   	9.01014
29 	285   	61.9354	29 	5706.49    	0.000540199	285   	380.94127.872	29 	66 	2  	285   	9.913  
30 	279   	53.8282	30 	4515.53    	0.000540199	279   	304.99529.166	30 	66 	2  	279   	10.8212
31 	281   	49.695 	31 	4512.8     	0.000497582	281   	298.22430.39 	31 	66 	4  	281   	11.3509
32 	286   	63.4094	32 	8103.45    	0.000497582	286   	478.35530.662	32 	74 	5  	286   	11.9179
33 	269   	48.3454	33 	6557.05    	0.000401033	269   	341.25931.052	33 	92 	5  	269   	11.8869
34 	256   	60.4299	34 	7848.95    	0.000401033	256   	423.85330.798	34 	80 	1  	256   	10.5467
35 	295   	42.4342	35 	3615.16    	0.000401033	295   	279.10829.276	35 	68 	3  	295   	10.1183
36 	274   	30.4892	36 	2063.08    	0.000400419	274   	124.63929.542	36 	69 	1  	274   	10.5256
37 	272   	39.383 	37 	2735.52    	0.000401033	272   	211.03729.888	37 	82 	3  	272   	11.0759
38 	295   	23.6502	38 	1059.4     	0.000401033	295   	74.205 30.774	38 	94 	1  	295   	12.9835
39 	269   	23.1411	39 	1493.35    	0.000401033	269   	87.821530.846	39 	93 	3  	269   	13.1573
40 	275   	25.86  	40 	2062.67    	0.000401033	275   	137.95630.854	40 	85 	2  	275   	13.163 
41 	253   	18.5651	41 	1385.72    	0.000401033	253   	82.230730.232	41 	92 	3  	253   	12.4461
42 	280   	21.9784	42 	2063.08    	0.000401033	280   	107.29329.222	42 	92 	2  	280   	11.3355
43 	274   	25.5355	43 	1402.19    	0.000401033	274   	119.21228.248	43 	74 	3  	274   	10.5858
44 	292   	43.9189	44 	2063.28    	0.000401033	292   	178.17427.136	44 	87 	1  	292   	9.9413 
45 	264   	28.9689	45 	2063.26    	0.000401033	264   	123.33526.594	45 	65 	1  	264   	9.31435
46 	275   	40.644 	46 	2063.28    	0.000401033	275   	192.36325.224	46 	73 	3  	275   	6.93468
47 	260   	28.7344	47 	1385.7     	0.000401033	260   	114.49624.902	47 	58 	4  	260   	7.07505
48 	270   	27.4593	48 	2063.28    	0.000401033	270   	141.31224.788	48 	50 	5  	270   	5.77053
49 	268   	30.759 	49 	2065.08    	0.000401033	268   	151.12324.842	49 	52 	5  	268   	5.99475
50 	264   	32.0621	50 	2063.28    	0.000401033	264   	136.79624.68 	50 	63 	1  	264   	6.91734
51 	264   	24.5498	51 	495.933    	0.000401033	264   	56.767524.462	51 	59 	2  	264   	7.2391 
52 	284   	31.5838	52 	1837.92    	0.000401033	284   	116.84424.426	52 	55 	1  	284   	6.98373
53 	254   	23.1579	53 	1385.36    	0.000401033	254   	76.654724.258	53 	58 	1  	254   	6.0249 
54 	293   	48.744 	54 	2927.54    	0.000401033	293   	219.47924.222	54 	65 	3  	293   	7.04845
55 	284   	27.8504	55 	639.591    	0.000401033	284   	64.692124.062	55 	51 	1  	284   	6.21081
56 	287   	22.7249	56 	2063.28    	0.000401033	287   	100.47723.978	56 	43 	3  	287   	5.83554
57 	292   	31.0018	57 	1385.36    	0.000401033	292   	91.535924.118	57 	47 	1  	292   	6.60364
58 	276   	32.1492	58 	2309.73    	0.000401033	276   	142.41124.388	58 	50 	5  	276   	5.94117
59 	277   	26.9581	59 	1345.12    	0.000401033	277   	83.846524.118	59 	49 	2  	277   	5.98332
60 	291   	31.0921	60 	2063.28    	0.000401033	291   	125.64624.11 	60 	57 	1  	291   	5.70139
add(mul(x, x), add(add(cos(0.3013746110144305), add(0.6291878630857693, x)), add(add(0.8378459555326575, add(0.6291878630857693, x)), add(add(cos(0.3309726556969348), x), x))))
0.00040041935430799175
   	      	                    fitness                    	                      size                     
   	      	-----------------------------------------------	-----------------------------------------------
gen	nevals	avg    	gen	max   	min    	nevals	std    	avg 	gen	max	min	nevals	std    
0  	500   	383.087	0  	933.24	142.522	500   	70.4131	3.58	0  	7  	2  	500   	1.56448
1  	292   	344.087	1  	874.666	142.522	292   	68.5677	3.94	1  	11 	1  	292   	1.75966
2  	274   	301.683	2  	792.291	94.6878	274   	81.4197	4.358	2  	14 	1  	274   	1.9529 
3  	266   	361.542	3  	37739.2	50.9233	266   	1732.63	4.678	3  	13 	1  	266   	1.98754
4  	267   	384.711	4  	37739.2	41.9852	267   	2391.6 	5.044	4  	13 	1  	267   	2.08951
5  	257   	222.12 	5  	7408.38	41.9852	257   	488.519	5.486	5  	18 	1  	257   	2.24451
6  	249   	235.095	6  	7574.8 	19.5517	249   	532.222	5.98 	6  	14 	1  	249   	2.12123
7  	282   	231.998	7  	1739.15	10.7693	282   	347.389	6.392	7  	14 	1  	282   	2.7244 
8  	294   	193.583	8  	1863.2 	10.7693	294   	315.445	7.192	8  	23 	1  	294   	3.32913
9  	293   	198.221	9  	7765.24	10.7693	293   	486.629	8.788	9  	21 	1  	293   	3.68063
10 	301   	151.102	10 	2708.18	10.7693	301   	321.297	10.208	10 	24 	1  	301   	3.79904
11 	264   	115.359	11 	3023.82	7.45807	264   	290.987	11.212	11 	24 	1  	264   	3.78669
12 	249   	133.491	12 	8104.66	7.20442	249   	489.543	12.142	12 	28 	2  	249   	3.71185
13 	251   	114.773	13 	3135.15	6.07094	251   	368.991	12.586	13 	29 	1  	251   	3.41447
14 	290   	111.677	14 	2903.72	3.92285	290   	372.03 	12.98 	14 	31 	1  	290   	3.49279
15 	263   	324.647	15 	107341 	3.6984 	263   	4805.27	13.756	15 	27 	1  	263   	3.57442
16 	259   	88.7938	16 	5423.46	1.39909	259   	405.887	14.6  	16 	27 	1  	259   	3.97039
17 	287   	103.916	17 	4254.78	1.39909	287   	408.652	15.61 	17 	30 	1  	287   	4.19737
18 	260   	255.528	18 	81824.6	1.51286	260   	3689.85	16.68 	18 	34 	1  	260   	4.88893
19 	301   	86.0904	19 	4848.93	1.51286	301   	351.145	17.5  	19 	40 	1  	301   	5.0042 
20 	307   	69.1765	20 	2799.57	0.634489	307   	245.104	18.376	20 	38 	1  	307   	4.89639
21 	267   	256.862	21 	93437.2	0.634489	267   	4179.53	19.316	21 	42 	1  	267   	5.43508
22 	260   	48.8526	22 	2835.61	0.00279933	260   	195.051	20.052	22 	45 	3  	260   	5.66086
23 	263   	55.5376	23 	3353.26	0.00279933	263   	291.509	21.01 	23 	52 	1  	263   	5.71296
24 	283   	55.44  	24 	10912.7	0.00279933	283   	499.77 	22.496	24 	62 	1  	283   	6.51598
25 	237   	61.1758	25 	3854.65	0.00279933	237   	331.462	23.54 	25 	53 	3  	237   	7.47773
26 	276   	36.5773	26 	4534.07	0.00279933	276   	211.966	23.764	26 	50 	5  	276   	7.26501
27 	292   	61.4798	27 	4750.76	0.00279933	292   	335.499	24.39 	27 	51 	3  	292   	8.05294
28 	298   	41.7076	28 	3023.66	0.000414197	298   	199.272	25.726	28 	63 	2  	298   	9.66824
29 	284   	48.3822	29 	4383.53	0.00244005 	284   	230.488	25.48 	29 	65 	1  	284   	9.31888
30 	259   	48.6266	30 	2576.87	0.00187288 	259   	192.682	25.072	30 	74 	1  	259   	8.22355
31 	306   	39.6412	31 	3478.04	0.00129914 	306   	191.615	24.684	31 	54 	1  	306   	7.70507
32 	240   	31.192 	32 	3487.53	0.00129914 	240   	169.153	24.344	32 	60 	3  	240   	6.84293
33 	253   	40.8892	33 	4036.09	0.000464374	253   	255.05 	23.544	33 	64 	2  	253   	6.48599
34 	256   	31.4243	34 	2063.54	0.000464374	256   	167.56 	22.946	34 	41 	2  	256   	4.65608
35 	317   	31.538 	35 	3048.51	0.000464374	317   	146.896	23.058	35 	50 	1  	317   	5.07924
36 	266   	40.7532	36 	4551.79	0.000707906	266   	256.961	23.17 	36 	42 	1  	266   	4.43994
37 	269   	39.0114	37 	3088.42	0.000481604	269   	196.059	23.088	37 	45 	1  	269   	4.7758 
38 	307   	34.3488	38 	2063.11	0.00040003 	307   	141.723	23.648	38 	46 	1  	307   	5.33892
39 	254   	29.892 	39 	2063.08	0.00040003 	254   	114.474	23.542	39 	49 	1  	254   	5.26424
40 	268   	52.4759	40 	3072.37	0.00040003 	268   	265.495	23.896	40 	44 	1  	268   	4.65845
41 	287   	36.551 	41 	4523.84	0.000414708	287   	212.131	24.08 	41 	47 	1  	287   	5.74714
42 	257   	52.471 	42 	4524.47	0.000414708	257   	318.528	24.266	42 	53 	2  	257   	5.87735
43 	273   	35.9705	43 	3084.8 	0.000414708	273   	178.202	24.484	43 	46 	1  	273   	5.5373 
44 	281   	33.2022	44 	4522.84	0.000400128	281   	228.799	25.002	44 	61 	3  	281   	5.95466
45 	300   	26.2155	45 	400.133	0.000412208	300   	60.1622	25.102	45 	46 	1  	300   	6.10865
46 	275   	31.8801	46 	3065.66	0.000412208	275   	171.243	25.488	46 	53 	3  	275   	6.08817
47 	266   	33.424 	47 	4524.41	0.000412208	266   	209.352	26.03 	47 	59 	3  	266   	6.24413
48 	263   	31.6012	48 	2639.47	0.000412208	263   	180.55 	26.742	48 	54 	1  	263   	6.30995
49 	291   	26.4671	49 	2063.08	0.000402056	291   	138.221	27.76 	49 	49 	1  	291   	6.74199
50 	278   	16.8949	50 	579.255	0.000402056	278   	49.6038	28.838	50 	63 	6  	278   	6.93598
51 	297   	16.7758	51 	389.84 	0.000402056	297   	43.8852	29.126	51 	63 	3  	297   	7.33608
52 	289   	25.095 	52 	3073.98	0.000402056	289   	146.137	29.276	52 	56 	1  	289   	7.22827
53 	281   	17.0671	53 	398.828	0.000402056	281   	45.4849	29.234	53 	64 	5  	281   	7.30556
54 	297   	35.4173	54 	3074.57	0.000402056	297   	212.453	29.188	54 	58 	7  	297   	7.40518
55 	276   	19.3029	55 	2063.3 	0.000402056	276   	101.107	29.208	55 	58 	3  	276   	7.33871
56 	273   	24.7783	56 	3088.11	0.000402056	273   	144.252	28.672	56 	60 	11 	273   	7.29304
57 	280   	18.6735	57 	2063.3 	0.000402056	280   	100.137	29.232	57 	66 	6  	280   	7.27366
58 	264   	26.3291	58 	3321.56	0.000402056	264   	178.839	29.158	58 	56 	9  	264   	6.83469
59 	256   	23.0782	59 	3073.39	0.000402056	256   	147.009	30.366	59 	55 	1  	256   	7.5747 
60 	295   	25.1353	60 	3090.43	0.000400126	295   	171.158	31.888	60 	61 	12 	295   	7.95107
add(add(add(add(0.5535232054296197, add(add(add(add(0.7978540260417879, x), 0.5853356258771903), add(0.5455091891903887, x)), x)), sin(0.7978540260417879)), mul(x, x)), add(0.7978540260417879, x))
0.0004000300140130376
   	      	                    fitness                    	                      size                     
   	      	-----------------------------------------------	-----------------------------------------------
gen	nevals	avg    	gen	max    	min    	nevals	std    	avg  	gen	max	min	nevals	std    
0  	500   	383.365	0  	880.592	89.5135	500   	75.1984	3.498	0  	7  	2  	500   	1.44014
1  	269   	348.958	1  	1292.51	50.5769	269   	83.1777	3.746	1  	12 	1  	269   	1.64605
2  	285   	311.443	2  	1469.46	87.063 	285   	113.338	3.992	2  	12 	1  	285   	1.82536
3  	247   	260.426	3  	1469.46	46.784 	247   	148.373	4.486	3  	13 	1  	247   	2.02727
4  	283   	216.23 	4  	1469.46	46.0447	283   	194.191	5.122	4  	13 	1  	283   	2.17235
5  	255   	213.025	5  	6648.71	40.6512	255   	385.066	5.726	5  	14 	1  	255   	2.09545
6  	285   	174.596	6  	1663.09	26.2349	285   	254.308	6.246	6  	14 	2  	285   	1.92808
7  	265   	238.166	7  	42471.8	19.9488	265   	1909.63	6.706	7  	14 	1  	265   	1.84162
8  	294   	141.161	8  	7072.82	11.4115	294   	380.796	7.38 	8  	14 	2  	294   	1.82636
9  	263   	126.22 	9  	2015.91	11.4115	263   	265.349	8.06 	9  	16 	1  	263   	2.03185
10 	309   	128.683	10 	3208.97	6.53692	309   	294.072	8.848	10 	18 	1  	309   	2.34625
11 	286   	117.876	11 	9436.97	9.2105 	286   	468.925	9.688	11 	20 	1  	286   	2.85983
12 	279   	104.614	12 	2393.74	3.12821	279   	285.585	10.83	12 	23 	1  	279   	3.04846
13 	272   	64.4024	13 	2132.06	3.12821	272   	161.316	11.912	13 	22 	1  	272   	3.05225
14 	284   	81.3934	14 	3083.8 	3.12821	284   	263.632	12.8  	14 	24 	1  	284   	3.52136
15 	269   	77.9013	15 	7514.09	3.04311	269   	379.243	13.668	15 	29 	1  	269   	3.67828
16 	251   	54.9226	16 	2526.98	0.819102	251   	174.532	14.274	16 	31 	1  	251   	3.80617
17 	280   	70.3041	17 	2351.78	0.0781785	280   	250.97 	15.3  	17 	35 	4  	280   	4.1078 
18 	282   	53.0497	18 	2760.5 	0.348789 	282   	196.596	16.086	18 	36 	1  	282   	4.91636
19 	283   	67.9721	19 	2333.86	0.348789 	283   	252.149	16.694	19 	40 	1  	283   	5.3183 
20 	290   	49.9573	20 	2717.48	0.113603 	290   	195.42 	17.458	20 	39 	2  	290   	5.22879
21 	293   	43.7599	21 	1993.59	0.00157966	293   	128.788	18.446	21 	43 	2  	293   	5.81301
22 	277   	54.3605	22 	2084.12	0.0050383 	277   	193.99 	19.704	22 	53 	1  	277   	6.45139
23 	282   	50.3916	23 	2295.3 	0.0050383 	282   	201.542	21.38 	23 	60 	3  	282   	7.5839 
24 	291   	35.1789	24 	2078.38	0.00079214	291   	127.244	22.796	24 	51 	1  	291   	8.09484
25 	258   	46.2138	25 	3279.92	0.00079214	258   	217.863	23.892	25 	61 	1  	258   	8.33549
26 	281   	43.5855	26 	2181.2 	0.000534373	281   	187.561	24.678	26 	75 	3  	281   	8.8475 
27 	290   	41.2453	27 	2072.9 	0.000411624	290   	195.542	24.494	27 	70 	1  	290   	7.97508
28 	289   	37.229 	28 	2231.32	0.000411624	289   	165.987	24.462	28 	68 	4  	289   	8.57581
29 	274   	38.0411	29 	2318.23	0.000411624	274   	169.333	24.358	29 	67 	5  	274   	8.28166
30 	266   	26.1819	30 	1374.9 	0.000411624	266   	85.2665	24.232	30 	76 	1  	266   	8.20208
31 	302   	38.6983	31 	2063.65	0.000411624	302   	156.088	23.706	31 	61 	3  	302   	8.0724 
32 	289   	36.1141	32 	2359.42	0.000411624	289   	178.465	23.77 	32 	62 	4  	289   	7.51619
33 	289   	42.5115	33 	2065.05	0.000411624	289   	164.868	23.604	33 	70 	3  	289   	7.75056
34 	282   	38.3914	34 	2634.22	0.000411624	282   	165.197	23.268	34 	57 	1  	282   	6.56964
35 	286   	26.0945	35 	1254.35	0.000411624	286   	78.4326	23.644	35 	58 	4  	286   	6.92887
36 	279   	42.3259	36 	2068.71	0.000411624	279   	207.444	23.478	36 	55 	3  	279   	5.87142
37 	279   	39.1875	37 	2064.83	0.000411624	279   	173.581	23.556	37 	57 	2  	279   	6.51206
38 	282   	26.2089	38 	1386.97	0.000411624	282   	79.4282	23.708	38 	57 	2  	282   	6.582  
39 	270   	32.6258	39 	1835.03	0.000411624	270   	103.015	23.558	39 	50 	2  	270   	7.07295
40 	274   	24.7134	40 	1253.17	0.000411624	274   	73.8266	23.398	40 	51 	1  	274   	6.23984
41 	276   	25.1941	41 	758.869	0.000411624	276   	69.2596	23.722	41 	54 	1  	276   	7.14316
42 	297   	36.2885	42 	1523.22	0.000411624	297   	128.004	23.702	42 	47 	1  	297   	6.72318
43 	281   	41.1437	43 	2199.99	0.000411624	281   	178.637	23.812	43 	47 	3  	281   	7.16775
44 	255   	28.4356	44 	1384.69	0.000400114	255   	86.9143	23.614	44 	52 	2  	255   	6.93952
45 	256   	23.2872	45 	1375.47	0.000400114	256   	75.9378	23.59 	45 	59 	3  	256   	6.68535
46 	284   	54.3709	46 	8416.3 	0.000411624	284   	397.834	23.276	46 	53 	2  	284   	6.83548
47 	252   	29.9508	47 	2063.3 	0.000411624	252   	136.633	23.514	47 	57 	1  	252   	6.32565
48 	277   	43.4898	48 	2063.3 	0.000407946	277   	177.773	23.27 	48 	59 	3  	277   	6.94961
49 	265   	36.9066	49 	2063.3 	0.000400275	265   	152.87 	23.314	49 	57 	3  	265   	6.77609
50 	268   	31.2667	50 	1472.58	0.000407946	268   	123.6  	22.93 	50 	46 	2  	268   	5.92833
51 	264   	32.4352	51 	1384.69	0.000407946	264   	122.32 	22.936	51 	47 	1  	264   	6.42588
52 	294   	29.3764	52 	2230.93	0.000407946	294   	127.402	23.214	52 	45 	5  	294   	5.8296 
53 	278   	46.1079	53 	2063.3 	0.000401231	278   	193.531	23.194	53 	45 	3  	278   	6.58   
54 	294   	24.6685	54 	1324.9 	0.000400186	294   	75.1735	23.396	54 	45 	3  	294   	6.4578 
55 	249   	31.9752	55 	1324.9 	0.000400054	249   	126.667	24.01 	55 	57 	5  	249   	6.70596
56 	280   	33.5007	56 	2063.3 	0.000400054	280   	143.339	24.408	56 	53 	1  	280   	7.6051 
57 	273   	33.9601	57 	2063.3 	0.000400054	273   	123.258	25.322	57 	53 	1  	273   	8.07826
58 	276   	28.6232	58 	2659.24	0.000400007	276   	138.827	25.692	58 	57 	3  	276   	7.8052 
59 	287   	31.6928	59 	2063.26	0.000400007	287   	149.004	26.84 	59 	61 	1  	287   	8.05794
60 	296   	29.8757	60 	1844.26	0.000400007	296   	138.606	27.796	60 	61 	1  	296   	8.85022
add(mul(x, x), add(add(x, add(add(cos(mul(mul(0.5473301093973878, sin(add(x, 0.9381657806360867))), percentOf(0.7366654643679176, x))), add(sin(0.9381657806360867), x)), add(add(x, 0.9381657806360867), add(x, 0.6259332033529112)))), 0.6259332033529112))
0.00040000661385024587
   	      	                    fitness                    	                      size                     
   	      	-----------------------------------------------	-----------------------------------------------
gen	nevals	avg    	gen	max    	min    	nevals	std    	avg  	gen	max	min	nevals	std    
0  	500   	386.399	0  	3942.71	153.481	500   	173.366	3.582	0  	7  	2  	500   	1.51634
1  	243   	339.499	1  	893.413	116.264	243   	72.3006	3.756	1  	9  	1  	243   	1.5622 
2  	265   	295.977	2  	1335.48	94.6878	265   	97.8972	4.054	2  	11 	1  	265   	1.70149
3  	298   	256.371	3  	3753.62	44.5437	298   	202.938	4.38 	3  	12 	1  	298   	1.91719
4  	281   	219.408	4  	1394.28	44.5437	281   	168.281	4.84 	4  	13 	1  	281   	2.1685 
5  	261   	194.78 	5  	1471.56	39.5   	261   	194.869	5.166	5  	13 	1  	261   	2.22406
6  	278   	229.927	6  	6987.78	18.3597	278   	431.739	6.014	6  	13 	1  	278   	2.2149 
7  	274   	218.368	7  	6987.78	10.4865	274   	511.397	6.694	7  	15 	1  	274   	2.49326
8  	279   	182.17 	8  	3787.94	10.4865	279   	361.704	7.452	8  	20 	1  	279   	2.84107
9  	266   	171.334	9  	4660.11	5.27135	266   	373.934	8.772	9  	17 	1  	266   	3.16418
10 	277   	117.459	10 	2140.42	6.93179	277   	272.073	9.758	10 	21 	1  	277   	3.14125
11 	269   	108.957	11 	2283.81	1.77781	269   	299.845	11.006	11 	21 	1  	269   	3.28724
12 	263   	79.409 	12 	2562.95	1.18735	263   	251.285	12.638	12 	27 	3  	263   	3.67627
13 	289   	52.2301	13 	2021.33	0.373566	289   	137.768	14.242	13 	27 	2  	289   	4.04468
14 	285   	58.9354	14 	2632.6 	0.112047	285   	211.621	15.71 	14 	29 	1  	285   	4.33289
15 	299   	74.6888	15 	2951.04	0.0212695	299   	277.662	16.524	15 	29 	3  	299   	4.00318
16 	283   	63.7012	16 	2997.03	0.0212695	283   	254.82 	17.596	16 	35 	3  	283   	3.9715 
17 	264   	61.0553	17 	3944.76	0.0212695	264   	279.135	18.276	17 	43 	1  	264   	4.59215
18 	274   	43.98  	18 	3404.35	0.00278955	274   	236.218	18.676	18 	37 	5  	274   	4.00138
19 	302   	67.3031	19 	3012.77	0.000738859	302   	295.208	19.172	19 	37 	1  	302   	4.50005
20 	286   	59.2478	20 	8451.53	0.00176345 	286   	414.449	19.306	20 	37 	1  	286   	4.31652
21 	262   	31.5132	21 	1622.48	0.000403593	262   	94.2248	19.546	21 	38 	1  	262   	4.39453
22 	275   	42.7754	22 	2065.38	0.000403593	275   	172.18 	19.972	22 	39 	5  	275   	4.36248
23 	286   	41.9925	23 	3321.54	0.00050803 	286   	186.46 	20.054	23 	36 	1  	286   	4.82981
24 	288   	33.9475	24 	2253.4 	0.00050803 	288   	148.934	20.536	24 	38 	5  	288   	4.55464
25 	278   	52.5697	25 	3167.08	0.00050803 	278   	262.261	20.676	25 	43 	2  	278   	5.23364
26 	251   	25.3112	26 	2064.07	0.00050803 	251   	105.855	20.844	26 	39 	1  	251   	4.40314
27 	261   	43.7936	27 	2070.23	0.00050803 	261   	198.395	21.072	27 	39 	1  	261   	5.27966
28 	263   	38.0573	28 	2064.07	0.00050803 	263   	170.234	21.312	28 	40 	2  	263   	4.80694
29 	269   	28.4365	29 	1374.83	0.000478471	269   	89.1665	21.28 	29 	38 	2  	269   	4.78096
30 	286   	39.2435	30 	3539.72	0.00050803 	286   	218.794	21.402	30 	39 	3  	286   	4.68363
31 	280   	31.8569	31 	3118.55	0.000417275	280   	149.276	21.046	31 	39 	1  	280   	4.46003
32 	266   	35.6395	32 	2063.74	0.000417275	266   	150.5  	21.122	32 	36 	1  	266   	4.50457
33 	283   	34.8106	33 	2567.19	0.00050803 	283   	178.089	21.27 	33 	38 	6  	283   	3.64048
34 	279   	36.9591	34 	3168.5 	0.00050803 	279   	178.06 	21.02 	34 	36 	1  	279   	4.00295
35 	291   	31.3905	35 	3168.5 	0.00050803 	291   	169.744	21.082	35 	39 	2  	291   	3.57425
36 	250   	39.8135	36 	3168.5 	0.00050803 	250   	217.476	20.994	36 	36 	3  	250   	3.8364 
37 	262   	28.8634	37 	3168.5 	0.00050803 	262   	151.395	20.948	37 	38 	1  	262   	3.69179
38 	302   	47.6483	38 	3168.5 	0.00050803 	302   	257.883	20.954	38 	31 	3  	302   	3.40351
39 	290   	32.625 	39 	2068.55	0.00050803 	290   	151.383	20.938	39 	33 	2  	290   	3.10776
40 	310   	28.2297	40 	390.454	0.00050803 	310   	57.4385	21.076	40 	42 	4  	310   	3.65872
41 	269   	20.303 	41 	570.185	0.00050803 	269   	54.2087	20.892	41 	32 	1  	269   	3.52538
42 	311   	51.3215	42 	8439.91	0.000422205	311   	403.974	20.904	42 	36 	2  	311   	3.66589
43 	283   	30.6105	43 	2063.34	0.000422205	283   	107.486	20.704	43 	34 	1  	283   	3.85284
44 	293   	31.8273	44 	3168.5 	0.000422205	293   	175.502	20.83 	44 	36 	1  	293   	3.61733
45 	274   	31.9011	45 	3168.5 	0.000422205	274   	191.369	21.032	45 	33 	9  	274   	3.02374
46 	288   	34.0192	46 	3197.54	0.000422205	288   	177.62 	21.042	46 	33 	2  	288   	3.51116
47 	276   	48.6828	47 	3168.5 	0.000422205	276   	276.263	21.208	47 	35 	2  	276   	3.70253
48 	295   	38.5617	48 	2063.34	0.000422205	295   	163.089	21.276	48 	42 	3  	295   	3.98395
49 	271   	31.1404	49 	3818.53	0.000422205	271   	178.869	21.306	49 	39 	1  	271   	3.92433
50 	278   	48.0012	50 	3168.5 	0.000422205	278   	254.338	21.578	50 	40 	3  	278   	3.81522
51 	299   	41.1326	51 	3207.72	0.000422205	299   	208.323	21.68 	51 	37 	1  	299   	4.65033
52 	275   	44.7648	52 	3180.57	0.000422205	275   	242.398	21.85 	52 	37 	1  	275   	4.18993
53 	273   	34.4129	53 	3172.91	0.000422205	273   	177.23 	21.916	53 	35 	2  	273   	4.30638
54 	290   	32.2264	54 	3173.34	0.000422205	290   	178.358	22.404	54 	35 	3  	290   	3.75617
55 	260   	24.729 	55 	2968.89	0.000422205	260   	142.818	22.278	55 	35 	1  	260   	3.80009
56 	282   	19.623 	56 	390.438	0.000422205	282   	47.7223	22.698	56 	35 	1  	282   	3.72005
57 	257   	26.7053	57 	3512.87	0.000422205	257   	164.366	22.798	57 	38 	1  	257   	3.73807
58 	270   	40.9814	58 	3173.34	0.000422205	270   	216.574	22.906	58 	35 	4  	270   	3.76473
59 	262   	44.7337	59 	2065.12	0.000422205	262   	228.461	22.774	59 	37 	1  	262   	3.72491
60 	251   	40.5026	60 	3201.32	0.000422205	251   	227.787	22.856	60 	37 	1  	251   	4.26278
add(add(x, add(0.9808596800291528, x)), add(mul(x, x), add(add(x, 0.9450088418527552), add(add(0.17840780559857217, 0.9450088418527552), add(x, 0.9450088418527552)))))
0.0004035927933591259
   	      	                    fitness                    	                      size                     
   	      	-----------------------------------------------	-----------------------------------------------
gen	nevals	avg    	gen	max    	min    	nevals	std    	avg  	gen	max	min	nevals	std    
0  	500   	387.223	0  	1606.76	142.045	500   	94.8425	3.558	0  	7  	2  	500   	1.52664
1  	292   	425.799	1  	37739.2	123.519	292   	1672.56	3.644	1  	11 	1  	292   	1.50773
2  	270   	309.972	2  	1330.03	128.913	270   	103.094	3.776	2  	11 	1  	270   	1.58172
3  	265   	283.139	3  	1331.03	65.796 	265   	167.477	4.158	3  	11 	1  	265   	1.79806
4  	268   	616.015	4  	41619.8	65.796 	268   	3646.62	4.532	4  	13 	1  	268   	2.05742
5  	262   	536.693	5  	41178.6	94.6878	262   	3015.55	5.232	5  	17 	1  	262   	2.34823
6  	286   	689.248	6  	41619.8	57.597 	286   	3872.96	5.78 	6  	21 	1  	286   	2.31249
7  	270   	741.467	7  	97713.5	57.597 	270   	5267.35	6.134	7  	17 	1  	270   	2.09858
8  	290   	1088.89	8  	42110.5	28.6533	290   	5487.99	6.326	8  	17 	1  	290   	2.13629
9  	257   	407.134	9  	37955.8	28.6533	257   	2401.3 	6.196	9  	15 	1  	257   	2.0894 
10 	303   	722.546	10 	101081 	20.8209	303   	6550.11	6.272	10 	19 	1  	303   	2.4327 
11 	295   	395.973	11 	37955.8	20.8209	295   	2018.42	7.004	11 	19 	1  	295   	2.84183
12 	273   	519.842	12 	95249.3	6.01691	273   	4763.96	7.502	12 	17 	1  	273   	2.87785
13 	269   	215.969	13 	6282.72	0.56998	269   	560.622	8.382	13 	22 	1  	269   	3.01132
14 	270   	209.475	14 	8407.37	0.56998	270   	642.534	8.892	14 	20 	1  	270   	3.10038
15 	287   	206.007	15 	9092.26	0.56998	287   	776.446	9.98 	15 	28 	1  	287   	3.69047
16 	260   	656.244	16 	119006 	0.56998	260   	6889.78	11.25	16 	35 	3  	260   	4.18706
17 	255   	260.171	17 	62782.2	0.0814532	255   	2852.12	12.794	17 	30 	1  	255   	4.6861 
18 	278   	97.4951	18 	4403.44	0.0241345	278   	331.35 	14.396	18 	34 	3  	278   	5.04848
19 	268   	89.5421	19 	7798.21	0.0241345	268   	407.627	16.306	19 	36 	1  	268   	5.79209
20 	289   	105.602	20 	8337.4 	0.0241345	289   	572.324	17.19 	20 	44 	3  	289   	5.82322
21 	282   	70.7553	21 	3077.89	0.0241345	282   	262.665	17.426	21 	43 	3  	282   	5.51693
22 	265   	80.6577	22 	4841.55	0.0241345	265   	362.143	18.338	22 	53 	1  	265   	6.17962
23 	267   	177.673	23 	22186.1	0.0241345	267   	1210.72	18.766	23 	41 	1  	267   	6.32133
24 	289   	100.466	24 	10872.4	0.008352 	289   	654.181	19.508	24 	45 	2  	289   	6.61861
25 	266   	37.3268	25 	2065.08	0.008352 	266   	144.134	20.58 	25 	45 	3  	266   	6.39841
26 	272   	48.8228	26 	2482.02	0.0241345	272   	222.956	21.262	26 	57 	3  	272   	6.45797
27 	267   	42.1344	27 	2547.03	0.0241345	267   	193.661	21.726	27 	52 	1  	267   	7.54049
28 	262   	35.5406	28 	3752   	0.0221996	262   	203.527	22.542	28 	57 	5  	262   	7.78025
29 	291   	53.4797	29 	2065.21	0.00199495	291   	215.255	22.29 	29 	46 	5  	291   	7.70103
30 	257   	55.0569	30 	3100.86	0.00199495	257   	218.105	22.53 	30 	55 	2  	257   	8.23196
31 	288   	42.1908	31 	2062.49	0.0221996 	288   	151.451	22.208	31 	54 	1  	288   	7.79338
32 	287   	40.7854	32 	2062.5 	0.00369105	287   	170.284	22.438	32 	48 	1  	287   	7.30248
33 	281   	44.0203	33 	2153.62	0.0221996 	281   	186.218	22.504	33 	60 	1  	281   	7.36356
34 	309   	47.9066	34 	2062.49	0.0221996 	309   	171.118	22.172	34 	58 	3  	309   	7.80964
35 	289   	50.5896	35 	2067.89	0.0221996 	289   	199.086	22.468	35 	52 	1  	289   	7.31252
36 	291   	39.7676	36 	2062.52	0.0221996 	291   	144.116	22.972	36 	54 	3  	291   	7.81762
37 	249   	33.9426	37 	2062.49	0.0221996 	249   	138.976	23.706	37 	67 	1  	249   	8.83038
38 	256   	35.1224	38 	3021.34	0.0221996 	256   	181.886	23.584	38 	62 	1  	256   	9.05908
39 	249   	35.3995	39 	2062.49	0.0221995 	249   	135.466	23.302	39 	54 	1  	249   	8.88678
40 	290   	33.0731	40 	1407.86	0.00238688	290   	105.727	23.116	40 	64 	1  	290   	8.84005
41 	262   	26.5906	41 	1407.86	0.00238688	262   	83.7579	22.746	41 	64 	2  	262   	8.31081
42 	266   	36.8431	42 	2325.69	0.000730999	266   	159.64 	22.742	42 	64 	2  	266   	8.2372 
43 	280   	50.1714	43 	2062.52	0.000730999	280   	191.104	22.944	43 	64 	1  	280   	8.61515
44 	262   	40.7018	44 	2062.52	0.000730999	262   	172.549	23.258	44 	62 	1  	262   	8.42161
45 	273   	25.7745	45 	1840.36	0.000730999	273   	95.2163	24.796	45 	66 	5  	273   	9.21989
46 	243   	23.5579	46 	1407.86	0.000730999	243   	98.7822	27.994	46 	67 	1  	243   	10.312 
47 	242   	33.3738	47 	2063.05	0.000730999	242   	169.418	31.926	47 	62 	2  	242   	10.0182
48 	260   	30.8667	48 	2063.05	0.000730999	260   	123.711	33.12 	48 	64 	1  	260   	10.1999
49 	273   	27.4776	49 	2254.11	0.000730999	273   	130.407	33.676	49 	72 	1  	273   	10.1544
50 	302   	44.99  	50 	2306.5 	0.00053876 	302   	222.843	34.142	50 	92 	5  	302   	11.136 
51 	237   	19.8368	51 	1391.35	0.00053876 	237   	82.7869	35.468	51 	87 	1  	237   	12.1382
52 	264   	21.1872	52 	1391.95	0.00053876 	264   	82.4284	36.458	52 	87 	3  	264   	13.9758
53 	310   	45.744 	53 	5067.26	0.00053876 	310   	297.298	37.948	53 	87 	3  	310   	16.317 
54 	279   	36.1049	54 	1388.78	0.00053876 	279   	145.958	38.782	54 	87 	3  	279   	17.9326
55 	292   	38.8119	55 	4227.31	0.000538653	292   	232.859	37.482	55 	95 	5  	292   	18.071 
56 	265   	24.0127	56 	2063.38	0.000528216	265   	105.711	36.75 	56 	91 	3  	265   	18.1402
57 	280   	30.8071	57 	2116.23	0.000497479	280   	160.562	35.298	57 	89 	5  	280   	17.0172
58 	257   	30.845 	58 	1388.13	0.000497479	257   	126.409	37.524	58 	95 	5  	257   	15.9446
59 	277   	21.276 	59 	1336.96	0.000497241	277   	96.1342	41.004	59 	86 	2  	277   	16.0091
60 	283   	26.4492	60 	2063.65	0.000497479	283   	109.955	43.112	60 	93 	1  	283   	15.7471
add(mul(add(percentOf(percentOf(percentOf(neg(0.9157128902920926), neg(add(0.48099533844794906, add(add(0.9157128902920926, x), add(add(cos(percentOf(percentOf(neg(sin(x)), neg(0.48099533844794906)), percentOf(percentOf(neg(sin(x)), neg(0.06431046315394828)), add(0.9157128902920926, 0.06431046315394828)))), add(add(add(0.9157128902920926, x), 0.9157128902920926), x)), x))))), add(0.9157128902920926, add(add(0.9157128902920926, add(add(add(0.8062277438098405, x), 0.9157128902920926), x)), x))), x), x), x), add(0.48099533844794906, add(add(0.9157128902920926, x), add(add(cos(0.722928500405089), add(add(add(0.9221260368969291, x), 0.9157128902920926), x)), x))))
0.0004972408710584293
   	      	                    fitness                    	                      size                     
   	      	-----------------------------------------------	-----------------------------------------------
gen	nevals	avg    	gen	max    	min    	nevals	std    	avg  	gen	max	min	nevals	std    
0  	500   	377.102	0  	874.666	118.436	500   	58.5718	3.472	0  	7  	2  	500   	1.40614
1  	278   	351.02 	1  	1291.94	132.59 	278   	73.8427	3.642	1  	10 	1  	278   	1.48251
2  	250   	313.749	2  	874.666	113.55 	250   	92.0596	3.682	2  	11 	1  	250   	1.55077
3  	274   	261.849	3  	874.666	94.6878	274   	92.2553	3.906	3  	15 	1  	274   	1.82898
4  	265   	224.339	4  	1469.46	51.7705	265   	154.797	3.97 	4  	13 	1  	265   	1.63741
5  	258   	212.03 	5  	1597.77	51.7705	258   	224.113	4.022	5  	13 	1  	258   	1.64849
6  	286   	212.775	6  	4417.29	51.7705	286   	277.293	4.534	6  	15 	1  	286   	1.86141
7  	286   	385.855	7  	42127.8	51.7705	286   	2657.79	5.248	7  	15 	1  	286   	2.03039
8  	272   	308.635	8  	42127.8	34.4177	272   	1898.19	5.774	8  	13 	1  	272   	2.08205
9  	281   	541.683	9  	163482 	28.0482	281   	7307.57	6.446	9  	18 	1  	281   	2.28366
10 	319   	291.549	10 	42127.8	21.1937	319   	1902.36	6.984	10 	17 	1  	319   	2.38574
11 	282   	218.884	11 	7980.28	18.8545	282   	664.957	7.94 	11 	17 	3  	282   	2.69006
12 	277   	198.647	12 	8814.31	18.8237	277   	613.368	8.872	12 	21 	1  	277   	3.1234 
13 	280   	287.729	13 	43235.4	8.14764	280   	2040.01	9.818	13 	23 	1  	280   	3.46538
14 	284   	210.852	14 	38479.3	4.07619	284   	1773.58	10.846	14 	25 	1  	284   	3.75849
15 	272   	265.403	15 	53974.1	4.32323	272   	2503.74	12.318	15 	27 	1  	272   	4.08667
16 	281   	111.283	16 	4699.37	4.32323	281   	412.64 	13.744	16 	32 	1  	281   	4.63017
17 	261   	236.772	17 	38513.5	4.48717	261   	1781.92	14.808	17 	33 	3  	261   	4.70225
18 	265   	214.036	18 	55106  	6.40953	265   	2485.64	15.76 	18 	43 	3  	265   	5.24923
19 	265   	119.635	19 	11124.3	0.982805	265   	615.432	16.774	19 	37 	3  	265   	5.61061
20 	255   	477.356	20 	113434 	0.982805	255   	5986.84	17.846	20 	38 	1  	255   	6.09281
21 	278   	171.04 	21 	10387.2	0.32421 	278   	787.494	19.438	21 	41 	2  	278   	5.77877
22 	287   	360.704	22 	50544  	0.32421 	287   	3272.09	20.064	22 	39 	1  	287   	6.17413
23 	314   	243.26 	23 	42936.5	0.32421 	314   	2067.05	21.128	23 	43 	1  	314   	6.2871 
24 	280   	234.119	24 	49537.4	0.32421 	280   	2340.41	22.756	24 	51 	1  	280   	6.64864
25 	280   	67.8899	25 	5447.45	0.231737	280   	361.749	23.55 	25 	51 	2  	280   	7.55245
26 	237   	162.566	26 	50768.9	0.231737	237   	2284.7 	24.756	26 	65 	5  	237   	7.54085
27 	271   	57.1938	27 	4638.76	0.046456	271   	302.124	24.992	27 	65 	1  	271   	8.04586
28 	282   	36.9757	28 	2073.67	0.00846714	282   	142.256	24.998	28 	58 	1  	282   	7.58828
29 	270   	40.2783	29 	2066.06	0.00846714	270   	168.334	25.096	29 	69 	1  	270   	7.92053
30 	253   	34.1041	30 	2305.83	0.00449785	253   	167.113	25.222	30 	58 	4  	253   	6.60974
31 	268   	34.0611	31 	2072.49	0.00449785	268   	149.881	25.2  	31 	64 	5  	268   	6.62057
32 	268   	42.3943	32 	3465.28	0.000475142	268   	209.837	24.922	32 	68 	1  	268   	6.66213
33 	261   	19.8804	33 	319.521	0.000572613	261   	46.6179	25.698	33 	64 	1  	261   	6.16075
34 	278   	27.6695	34 	3141.8 	0.000572613	278   	152.865	26.63 	34 	64 	6  	278   	6.6817 
35 	286   	24.9871	35 	2063.62	0.000407822	286   	104.584	26.6  	35 	64 	1  	286   	6.61544
36 	310   	23.6986	36 	463.704	0.000407822	310   	56.0507	26.866	36 	64 	3  	310   	6.59212
37 	262   	39.0946	37 	3378.03	0.000407822	262   	191.137	26.402	37 	64 	1  	262   	6.30749
38 	257   	24.53  	38 	496.081	0.000407822	257   	58.8953	26.394	38 	64 	3  	257   	5.30347
39 	282   	17.7813	39 	319.521	0.000401819	282   	45.898 	25.992	39 	39 	1  	282   	4.65015
40 	282   	31.0594	40 	3320.75	0.000407822	282   	177.559	25.984	40 	44 	1  	282   	5.46733
41 	279   	23.7123	41 	2063.35	0.000407822	279   	112.702	25.812	41 	45 	1  	279   	5.35394
42 	275   	14.9329	42 	373.362	0.000407822	275   	43.6215	25.898	42 	43 	1  	275   	4.82282
43 	249   	21.9139	43 	2063.27	0.000401819	249   	101.953	25.878	43 	48 	2  	249   	5.18026
44 	265   	31.228 	44 	3308.15	0.000407822	265   	189.927	26.136	44 	48 	2  	265   	6.10389
45 	274   	38.7135	45 	3166.31	0.000401819	274   	199.193	26.256	45 	52 	3  	274   	6.74466
46 	285   	31.6324	46 	3308.15	0.000407822	285   	201.55 	26.3  	46 	48 	1  	285   	6.39609
47 	278   	24.2647	47 	2063.23	0.000401261	278   	104.613	27.388	47 	55 	8  	278   	7.07569
48 	259   	19.3292	48 	2063.35	0.000407822	259   	100.069	28.27 	48 	53 	1  	259   	7.36594
49 	263   	17.7342	49 	390.638	0.000407822	263   	45.6561	28.162	49 	54 	3  	263   	7.40863
50 	312   	33.9543	50 	2063.27	0.000407822	312   	167.06 	27.984	50 	65 	1  	312   	7.42696
51 	287   	34.7268	51 	3380.91	0.000407822	287   	233.384	28.106	51 	57 	4  	287   	7.28826
52 	244   	14.6754	52 	249.126	0.000407822	244   	39.8692	27.854	52 	57 	11 	244   	6.82471
53 	278   	24.3249	53 	2064.09	0.000407822	278   	105.509	27.384	53 	55 	1  	278   	7.0968 
54 	279   	35.0421	54 	2063.27	0.000407822	279   	160.565	26.582	54 	54 	5  	279   	6.50071
55 	285   	26.8032	55 	2063.27	0.000407822	285   	103.588	26.4  	55 	60 	1  	285   	6.64048
56 	259   	30.3343	56 	3313.38	0.000407822	259   	158.986	26.036	56 	52 	2  	259   	6.22886
57 	263   	20.6462	57 	387.749	0.000407822	263   	50.3597	26.256	57 	54 	1  	263   	6.4729 
58 	300   	34.752 	58 	3313.38	0.000407822	300   	182.215	25.814	58 	66 	1  	300   	6.65999
59 	253   	31.977 	59 	3270.27	0.000401261	253   	156.526	25.998	59 	60 	1  	253   	6.79573
60 	270   	36.1931	60 	5310.95	0.000401261	270   	260.311	25.562	60 	60 	1  	270   	5.93247
add(add(add(add(add(0.7550492059879967, x), mul(0.8888318082964819, 0.9327758062716413)), add(x, mul(0.8888318082964819, 0.9327758062716413))), mul(x, x)), add(add(add(0.7550492059879967, x), mul(0.8888318082964819, 0.9327758062716413)), x))
0.0004012614973028808
   	      	                    fitness                    	                      size                     
   	      	-----------------------------------------------	-----------------------------------------------
gen	nevals	avg    	gen	max    	min    	nevals	std    	avg  	gen	max	min	nevals	std    
0  	500   	377.674	0  	874.666	51.7705	500   	66.9262	3.414	0  	7  	2  	500   	1.40236
1  	269   	339.337	1  	478.169	51.7705	269   	66.0677	3.586	1  	11 	1  	269   	1.56927
2  	265   	316.272	2  	6648.71	93.3989	265   	303.311	3.86 	2  	13 	1  	265   	1.67821
3  	278   	272.933	3  	6648.71	50.5258	278   	316.456	4.16 	3  	13 	1  	278   	1.79399
4  	258   	213.484	4  	1292.51	50.5258	258   	132    	4.37 	4  	12 	1  	258   	1.86684
5  	305   	191.465	5  	1292.51	45.6171	305   	184.177	4.852	5  	11 	1  	305   	2.01745
6  	281   	197.134	6  	7373.43	25.5313	281   	383.338	5.628	6  	13 	1  	281   	2.22567
7  	260   	192.211	7  	6648.71	15.97  	260   	388.488	6.316	7  	15 	1  	260   	2.33584
8  	280   	160.667	8  	1663.09	15.97  	280   	255.129	6.994	8  	15 	1  	280   	2.18494
9  	267   	172.847	9  	6648.71	13.1579	267   	448.842	7.746	9  	14 	1  	267   	2.24265
10 	265   	142.427	10 	3152.78	13.1579	265   	305.245	8.402	10 	17 	1  	265   	2.47233
11 	281   	112.817	11 	8448.34	6.44484	281   	422.171	9.388	11 	19 	1  	281   	2.4003 
12 	245   	90.3092	12 	2874.53	6.04406	245   	264.237	10.156	12 	21 	4  	245   	2.33488
13 	270   	88.6937	13 	8448.34	6.44484	270   	414.891	10.998	13 	25 	1  	270   	2.69555
14 	293   	120.423	14 	3031.56	6.44484	293   	348.505	11.734	14 	25 	1  	293   	3.2624 
15 	278   	120.751	15 	3766.66	3.28078	278   	392.076	12.348	15 	26 	1  	278   	3.53651
16 	267   	160.771	16 	34985.2	3.28078	267   	1592.52	13.392	16 	27 	1  	267   	3.93476
17 	291   	117.269	17 	8591.26	1.33907	291   	506.383	14.33 	17 	25 	1  	291   	3.8159 
18 	308   	139.832	18 	9085.89	1.33907	308   	707.996	15.646	18 	31 	1  	308   	3.89059
19 	295   	117.412	19 	3550.97	0.448084	295   	451.437	16.61 	19 	29 	5  	295   	3.7992 
20 	289   	178.676	20 	19561.1	0.448084	289   	1093.98	17.348	20 	28 	1  	289   	4.02926
21 	268   	82.7113	21 	3926.78	0.000421184	268   	349.608	18.17 	21 	31 	1  	268   	4.20774
22 	284   	251.777	22 	42973.2	0.0311459  	284   	2334.21	18.962	22 	37 	1  	284   	4.59266
23 	288   	350.552	23 	68965.5	0.0164014  	288   	3908.3 	19.842	23 	39 	1  	288   	5.11869
24 	256   	185.908	24 	68965.5	0.000622524	256   	3084.33	20.304	24 	37 	5  	256   	5.19958
25 	273   	47.2802	25 	2325.62	0.000622524	273   	189.929	20.818	25 	42 	1  	273   	5.20547
26 	276   	57.4205	26 	2873.82	0.000622524	276   	259.034	21.308	26 	41 	1  	276   	5.0332 
27 	257   	26.5985	27 	2067.27	0.000622524	257   	115.74 	21.608	27 	43 	3  	257   	4.70471
28 	255   	30.7018	28 	2065.03	0.000622524	255   	140.227	21.614	28 	49 	1  	255   	5.01966
29 	311   	30.1943	29 	2064.24	0.000622524	311   	108.633	21.896	29 	43 	5  	311   	5.2285 
30 	260   	29.4358	30 	2062.89	0.000622524	260   	123.173	21.94 	30 	47 	1  	260   	5.28133
31 	278   	33.0661	31 	2063.97	0.000431727	278   	150.193	21.836	31 	46 	2  	278   	5.08459
32 	296   	45.8653	32 	2063.97	0.000431727	296   	185.225	21.944	32 	42 	2  	296   	5.90973
33 	279   	38.3361	33 	2367.42	0.00043248 	279   	186.016	21.936	33 	45 	2  	279   	5.04102
34 	279   	33.451 	34 	2302.6 	0.00043248 	279   	159.133	22.082	34 	41 	1  	279   	4.93794
35 	288   	20.7027	35 	1383.65	0.00043248 	288   	80.3488	22.066	35 	43 	1  	288   	4.52345
36 	291   	24.5072	36 	1392.01	0.00043248 	291   	77.6732	22.42 	36 	41 	2  	291   	4.99396
37 	275   	29.6786	37 	2314.13	0.00043248 	275   	157.63 	22.44 	37 	53 	1  	275   	5.03532
38 	278   	24.104 	38 	2063.07	0.00043248 	278   	108.582	22.56 	38 	41 	5  	278   	4.36422
39 	270   	38.1584	39 	2063.85	0.000399976	270   	182.251	22.434	39 	46 	1  	270   	5.07559
40 	272   	33.7843	40 	2069.37	0.000399976	272   	149.457	22.484	40 	44 	1  	272   	5.11486
41 	274   	30.2024	41 	1386.41	0.000399976	274   	105.667	22.69 	41 	41 	1  	274   	5.2625 
42 	295   	32.5967	42 	2073.35	0.000399976	295   	116.547	22.706	42 	46 	3  	295   	5.91537
43 	268   	39.5057	43 	2063.31	0.000399976	268   	171.061	22.772	43 	58 	1  	268   	6.10279
44 	265   	23.577 	44 	2063.31	0.000399976	265   	116.615	23.068	44 	43 	3  	265   	4.10504
45 	270   	29.2384	45 	2067.81	0.000399976	270   	124.149	22.8  	45 	45 	1  	270   	5.67345
46 	269   	33.4056	46 	2063.31	0.000399976	269   	157.102	22.75 	46 	41 	1  	269   	5.44017
47 	256   	27.6756	47 	2063.31	0.000399976	256   	116.254	22.932	47 	41 	1  	256   	4.6376 
48 	283   	31.6131	48 	1384.34	0.000399976	283   	99.4166	22.774	48 	42 	1  	283   	5.53235
49 	257   	27.673 	49 	764.912	0.000399976	257   	65.1678	22.686	49 	46 	1  	257   	5.89741
50 	285   	40.8205	50 	2063.31	0.000399976	285   	169.364	22.652	50 	46 	1  	285   	6.31117
51 	280   	36.3379	51 	2063.31	0.000399976	280   	161.408	22.906	51 	47 	3  	280   	5.59689
52 	270   	34.9079	52 	2063.31	0.000399976	270   	143.233	23.04 	52 	45 	5  	270   	6.22113
53 	252   	27.873 	53 	1384.64	0.000399976	252   	87.1077	22.72 	53 	43 	1  	252   	6.27611
54 	283   	21.2425	54 	719.387	0.000399976	283   	57.7397	22.818	54 	43 	1  	283   	5.33712
55 	291   	28.937 	55 	1371.39	0.000399976	291   	102.443	22.606	55 	43 	1  	291   	5.66381
56 	278   	30.4551	56 	2498.6 	0.000399976	278   	151.073	22.774	56 	41 	1  	278   	5.19451
57 	254   	35.8616	57 	2956.52	0.000399976	254   	190.759	22.798	57 	44 	5  	254   	5.60867
58 	262   	33.662 	58 	1385.22	0.000399976	262   	119.672	22.77 	58 	41 	1  	262   	5.84098
59 	270   	34.2335	59 	2316.04	0.000399976	270   	167.704	22.844	59 	50 	3  	270   	5.32688
60 	299   	29.0071	60 	1385.22	0.000399976	299   	90.0703	22.818	60 	41 	1  	299   	5.67458
add(add(x, add(add(add(x, 0.7449382135714405), add(x, add(0.6060455185966224, 0.5614001707929779))), add(add(x, 0.4937467544695259), add(0.7449382135714405, 0.8452575724025657)))), mul(x, x))
0.00039997598793455855
   	      	                    fitness                    	                      size                     
   	      	-----------------------------------------------	-----------------------------------------------
gen	nevals	avg    	gen	max    	min    	nevals	std    	avg  	gen	max	min	nevals	std    
0  	500   	452.325	0  	37739.2	87.9932	500   	1671.28	3.546	0  	7  	2  	500   	1.45461
1  	284   	339.079	1  	881.624	87.9932	284   	73.3093	3.852	1  	9  	1  	284   	1.58307
2  	256   	301.716	2  	1292.51	67.6117	256   	123.108	4.188	2  	11 	1  	256   	1.7357 
3  	254   	321.421	3  	37739.2	51.7705	254   	1679.87	4.54 	3  	12 	1  	254   	1.86022
4  	266   	375.68 	4  	37739.2	42.5077	266   	2376.18	4.978	4  	15 	1  	266   	1.99838
5  	253   	338.389	5  	37739.2	40.8273	253   	2379.54	5.514	5  	15 	1  	253   	2.18673
6  	275   	192.474	6  	1663.09	27.887 	275   	278.256	6.232	6  	15 	1  	275   	1.96219
7  	283   	181.641	7  	1889.09	18.1623	283   	306.772	7.094	7  	15 	1  	283   	1.98926
8  	274   	144.09 	8  	2019.29	18.1623	274   	274.071	7.598	8  	14 	1  	274   	1.94227
9  	264   	140.262	9  	3235.55	10.03  	264   	313.817	8.29 	9  	16 	1  	264   	2.07796
10 	285   	145.942	10 	8487.21	8.80794	285   	559.876	9.12 	10 	17 	2  	285   	2.22477
11 	275   	115.139	11 	2429.62	5.36439	275   	298.152	9.9  	11 	19 	1  	275   	2.56554
12 	261   	100.59 	12 	2621.8 	5.36439	261   	286.374	10.88	12 	21 	1  	261   	2.77013
13 	290   	94.0409	13 	2943.53	2.19304	290   	281.252	11.838	13 	23 	1  	290   	3.13493
14 	271   	113.35 	14 	3725.79	0.472847	271   	386.174	12.86 	14 	25 	5  	271   	3.27787
15 	225   	70.4536	15 	2843.14	0.472847	225   	275.36 	13.69 	15 	25 	1  	225   	3.33015
16 	271   	150.589	16 	42645.3	0.445629	271   	1917.52	14.844	16 	31 	1  	271   	3.62376
17 	272   	59.2398	17 	2252.76	0.445629	272   	189.675	15.782	17 	29 	1  	272   	3.83751
18 	262   	60.4657	18 	2175.5 	0.152591	262   	216.78 	16.248	18 	33 	1  	262   	3.70547
19 	269   	47.5437	19 	2968.78	0.146328	269   	192.632	16.794	19 	33 	2  	269   	3.93847
20 	272   	57.1739	20 	2921.83	0.0450167	272   	236.588	17.464	20 	37 	1  	272   	3.94724
21 	255   	46.2194	21 	2151.39	0.0450167	255   	164.519	17.752	21 	43 	2  	255   	4.2193 
22 	261   	50.3142	22 	3140.34	0.0450167	261   	258.958	18.174	22 	29 	1  	261   	3.63204
23 	290   	61.4297	23 	2437.57	0.0450167	290   	253.766	18.734	23 	35 	2  	290   	4.22697
24 	272   	42.4789	24 	2165.74	0.0450167	272   	163.742	19.05 	24 	37 	1  	272   	4.73197
25 	295   	58.6849	25 	2328.43	0.0307164	295   	231.524	19.504	25 	50 	2  	295   	5.08743
26 	302   	58.7039	26 	2456.86	0.0307164	302   	234.285	20.082	26 	50 	3  	302   	5.56914
27 	273   	41.8153	27 	2187.31	0.0307164	273   	159.749	20.23 	27 	39 	5  	273   	4.83912
28 	266   	50.0871	28 	2354.87	0.00282718	266   	210.372	20.43 	28 	42 	1  	266   	5.48863
29 	262   	33.8632	29 	2555.75	0.00104874	262   	156.652	20.716	29 	41 	3  	262   	4.45459
30 	247   	49.7413	30 	8462.86	0.000635683	247   	406.209	20.892	30 	37 	1  	247   	4.67807
31 	283   	45.6259	31 	2203.8 	0.000635683	283   	195.157	21.136	31 	38 	2  	283   	5.13785
32 	280   	31.8844	32 	1341.73	0.000635683	280   	101.982	21.05 	32 	44 	5  	280   	5.89775
33 	266   	34.0908	33 	2796.69	0.000635683	266   	152.863	21.138	33 	44 	1  	266   	6.03581
34 	276   	36.8183	34 	1417.75	0.000471234	276   	123.778	21.366	34 	39 	5  	276   	5.60536
35 	275   	33.8693	35 	1951.05	0.000471234	275   	136.354	21.206	35 	41 	4  	275   	5.47024
36 	274   	39.9125	36 	2062.95	0.000471234	274   	143.681	21.536	36 	44 	2  	274   	5.40747
37 	293   	50.7391	37 	2062.21	0.0004     	293   	165.427	21.492	37 	44 	3  	293   	6.43661
38 	306   	41.8787	38 	2063.2 	0.0004     	306   	159.001	21.394	38 	44 	1  	306   	5.94531
39 	269   	48.5056	39 	2388.53	0.000421974	269   	203.354	21.822	39 	43 	1  	269   	6.28254
40 	272   	41.5868	40 	2312.85	0.000421974	272   	186.061	21.906	40 	65 	2  	272   	6.44773
41 	292   	46.6792	41 	2313.02	0.000421974	292   	204.343	21.684	41 	52 	5  	292   	6.06367
42 	280   	42.9068	42 	2566.7 	0.000421974	280   	190.889	21.34 	42 	44 	2  	280   	6.10446
43 	264   	47.2104	43 	2063.2 	0.000471234	264   	186.135	21.25 	43 	48 	2  	264   	6.18025
44 	287   	33.2196	44 	1846.07	0.000471234	287   	116.909	21.386	44 	58 	3  	287   	5.80905
45 	259   	39.2397	45 	3439.76	0.000471234	259   	189.123	21.214	45 	43 	1  	259   	5.68157
46 	302   	44.6125	46 	2313.45	0.000471234	302   	168.116	21.058	46 	60 	2  	302   	6.44815
47 	278   	35.921 	47 	1740.72	0.000471234	278   	120.917	21.16 	47 	57 	5  	278   	5.94764
48 	258   	48.0641	48 	2311.9 	0.000471234	258   	205.311	21.124	48 	49 	1  	258   	5.92255
49 	266   	55.1056	49 	2494.7 	0.000471234	266   	237.784	20.686	49 	39 	1  	266   	5.42986
50 	247   	29.4078	50 	2063.33	0.000471234	247   	124.568	20.846	50 	41 	5  	247   	5.19329
51 	275   	39.3358	51 	2063.33	0.000440871	275   	158.052	20.666	51 	40 	1  	275   	5.71581
52 	287   	30.1515	52 	1566.87	0.000440871	287   	88.7707	20.678	52 	43 	2  	287   	5.2496 
53 	246   	36.6558	53 	1830.76	0.000440871	246   	136.655	20.83 	53 	41 	1  	246   	5.21086
54 	258   	24.9997	54 	1381.53	0.000440871	258   	77.5348	21.006	54 	43 	1  	258   	5.23965
55 	284   	33.173 	55 	2063.33	0.000427995	284   	114.749	20.944	55 	57 	1  	284   	5.56569
56 	262   	37.0283	56 	2063.33	0.000427995	262   	169.882	21.144	56 	57 	1  	262   	5.33585
57 	270   	31.4902	57 	1458.36	0.000440871	270   	111.406	21.312	57 	63 	1  	270   	5.76217
58 	294   	30.2681	58 	1384.09	0.000440871	294   	84.1015	21.572	58 	47 	1  	294   	6.36811
59 	265   	39.8438	59 	2063.38	0.000440871	265   	170.484	22.002	59 	63 	1  	265   	6.88171
60 	291   	42.6753	60 	3079.65	0.000432731	291   	174.086	21.95 	60 	57 	1  	291   	7.19107
add(mul(x, x), add(add(add(add(add(add(x, 0.8756058495459081), x), cos(0.7761071122097785)), add(add(x, 0.8756058495459081), 0.679732434986084)), 0.8518101472039076), x))
0.0004000000854269935
   	      	                    fitness                    	                     size                     
   	      	-----------------------------------------------	----------------------------------------------
gen	nevals	avg    	gen	max    	min    	nevals	std    	avg  	gen	max	min	nevals	std   
0  	500   	463.443	0  	37739.2	130.844	500   	1685.39	3.398	0  	7  	2  	500   	1.4393
1  	290   	338.245	1  	1292.51	94.6878	290   	81.8945	3.502	1  	11 	1  	290   	1.46219
2  	286   	298.455	2  	1292.51	94.6878	286   	100.652	3.814	2  	10 	1  	286   	1.43088
3  	267   	240.136	3  	1292.51	51.7705	267   	105.348	4.062	3  	10 	1  	267   	1.49738
4  	272   	230.183	4  	1469.46	51.7705	272   	210.53 	4.688	4  	12 	1  	272   	1.77726
5  	248   	205.857	5  	1663.09	45.1547	248   	235.762	5.196	5  	12 	1  	248   	1.68214
6  	293   	183.937	6  	1469.46	32.4359	293   	253.56 	5.642	6  	12 	1  	293   	1.50527
7  	271   	285.403	7  	41431.1	32.4359	271   	1869.06	6.086	7  	16 	1  	271   	1.949  
8  	269   	179.216	8  	1687.15	25.5313	269   	300.946	6.686	8  	18 	1  	269   	2.28022
9  	276   	187.863	9  	7256.87	19.788 	276   	453.911	7.356	9  	18 	1  	276   	2.40775
10 	295   	151.599	10 	1958.99	8.80356	295   	303.959	8.056	10 	18 	1  	295   	2.31017
11 	247   	242.193	11 	49905.9	8.80356	247   	2249.22	8.72 	11 	20 	1  	247   	2.402  
12 	275   	121.229	12 	3773.61	8.80356	275   	339.028	9.222	12 	19 	3  	275   	2.38762
13 	267   	100.644	13 	3014.93	5.65716	267   	295.316	10.046	13 	25 	1  	267   	2.81067
14 	274   	98.0103	14 	3173.4 	5.65716	274   	308.642	10.648	14 	23 	1  	274   	2.80073
15 	277   	113.824	15 	3793.61	0.578893	277   	362.056	11.476	15 	23 	1  	277   	3.34267
16 	265   	83.1887	16 	5483.15	0.578893	265   	334.634	12.344	16 	25 	1  	265   	3.31265
17 	295   	118.074	17 	4282.93	0.578893	295   	412.529	13.062	17 	23 	1  	295   	3.25548
18 	288   	93.5251	18 	3598.22	0.578893	288   	347.634	14    	18 	27 	1  	288   	3.53893
19 	297   	79.9943	19 	5141.23	0.000404659	297   	341.421	14.84 	19 	29 	1  	297   	3.67728
20 	272   	75.1918	20 	4981.7 	0.000404659	272   	366.923	15.544	20 	33 	1  	272   	3.76617
21 	268   	76.8295	21 	7582.45	0.000404659	268   	435.186	16.124	21 	38 	1  	268   	4.14688
22 	279   	54.6353	22 	2434.86	0.121092   	279   	234.632	16.884	22 	39 	3  	279   	4.24671
23 	258   	45.9664	23 	3758.73	0.00852325 	258   	210.057	17.536	23 	39 	2  	258   	4.37775
24 	248   	49.9208	24 	4284.77	0.00932352 	248   	247.218	18.276	24 	37 	3  	248   	4.48819
25 	289   	30.4584	25 	1210.13	0.00589961 	289   	77.9518	19.076	25 	37 	2  	289   	4.83758
26 	275   	32.452 	26 	2081.52	0.00589961 	275   	158.359	19.724	26 	41 	1  	275   	4.41631
27 	270   	34.3266	27 	2067.88	0.000404659	270   	122.629	20.328	27 	41 	2  	270   	4.713  
28 	236   	28.0874	28 	2062.79	0.000404659	236   	111.55 	20.964	28 	37 	2  	236   	4.27957
29 	279   	28.9551	29 	2852.13	0.000404659	279   	139.401	21.278	29 	43 	2  	279   	4.76033
30 	258   	31.9778	30 	2065.24	0.000404659	258   	140.328	21.162	30 	41 	1  	258   	4.82408
31 	278   	43.5221	31 	4130.73	0.000404659	278   	231.357	21.442	31 	41 	1  	278   	5.03335
32 	297   	43.9972	32 	4999.45	0.000404659	297   	252.569	21.418	32 	42 	1  	297   	5.07339
33 	303   	34.4195	33 	2062.79	0.000404659	303   	115.197	21.396	33 	39 	3  	303   	5.53671
34 	260   	52.0087	34 	4513.74	0.000404659	260   	245.324	21.672	34 	53 	1  	260   	5.95755
35 	280   	43.3744	35 	4517.99	0.000404659	280   	246.189	21.784	35 	41 	1  	280   	5.30484
36 	275   	38.9289	36 	4231.36	0.000404659	275   	209.209	21.81 	36 	41 	2  	275   	4.99619
37 	285   	46.1515	37 	5402.67	0.000404659	285   	268.595	21.758	37 	42 	1  	285   	5.38994
38 	248   	42.0206	38 	4261.26	0.000404659	248   	237.075	21.282	38 	41 	1  	248   	4.61849
39 	271   	44.0264	39 	2063.27	0.000404659	271   	184.5  	21.406	39 	43 	1  	271   	4.63693
40 	275   	25.3315	40 	647.168	0.000404659	275   	64.6968	20.87 	40 	37 	1  	275   	4.66831
41 	272   	49.256 	41 	4231.36	0.000404659	272   	300.277	21.202	41 	41 	5  	272   	4.48834
42 	255   	26.0638	42 	2063.27	0.000404659	255   	107.03 	21.022	42 	43 	1  	255   	4.03702
43 	255   	32.3928	43 	1780.11	0.000390122	255   	113.162	20.644	43 	37 	1  	255   	4.91093
44 	282   	37.0804	44 	2063.27	0.000390122	282   	145.672	20.686	44 	37 	1  	282   	4.46759
45 	272   	44.3327	45 	4231.36	0.000404659	272   	226.264	20.798	45 	41 	1  	272   	5.19088
46 	281   	36.4059	46 	2063.27	0.000404659	281   	155.177	20.66 	46 	39 	1  	281   	4.81917
47 	278   	32.7305	47 	2063.27	0.000404659	278   	114.994	20.818	47 	38 	2  	278   	5.11008
48 	311   	24.6478	48 	1832.84	0.000404659	311   	90.4682	20.994	48 	45 	5  	311   	4.78644
49 	264   	30.3075	49 	1455.98	0.000404659	264   	121.816	20.888	49 	37 	1  	264   	4.47699
50 	269   	30.9799	50 	1385.54	0.000404659	269   	105.004	21.024	50 	43 	3  	269   	5.1594 
51 	266   	48.7139	51 	7888.42	0.000404659	266   	367.751	20.912	51 	43 	1  	266   	4.74091
52 	261   	38.4521	52 	2063.27	0.000404659	261   	191.364	20.908	52 	40 	1  	261   	4.15831
53 	269   	31.1147	53 	2063.27	0.000404659	269   	115.306	20.778	53 	37 	1  	269   	4.44575
54 	284   	42.464 	54 	2309.28	0.000404659	284   	184.74 	20.72 	54 	41 	5  	284   	5.05822
55 	283   	29.3928	55 	1385.54	0.000404659	283   	99.2861	20.848	55 	37 	5  	283   	4.85313
56 	267   	31.2938	56 	2063.27	0.000404659	267   	140.883	20.866	56 	37 	3  	267   	4.55325
57 	275   	25.344 	57 	2482.16	0.000404659	275   	121.838	20.904	57 	37 	3  	275   	4.60769
58 	252   	24.9059	58 	1385.54	0.000404659	252   	97.7021	20.868	58 	41 	1  	252   	4.70814
59 	271   	43.2286	59 	2063.27	0.000404659	271   	207.861	20.894	59 	39 	5  	271   	4.4787 
60 	281   	41.0655	60 	2074.44	0.000404659	281   	182.712	20.704	60 	39 	1  	281   	5.12137
add(add(x, 0.8550517064101064), add(mul(x, x), add(add(add(add(x, 0.8550517064101064), 0.7627547503518296), 0.7627547503518296), add(add(add(x, percentOf(0.10232236755087676, x)), 0.7627547503518296), x))))
0.00039012178841625335
[0.00040021955458076065, 0.00040041935430799175, 0.0004000300140130376, 0.00040000661385024587, 0.0004035927933591259, 0.0004972408710584293, 0.0004012614973028808, 0.00039997598793455855, 0.0004000000854269935, 0.00039012178841625335]
avg 0.0004092868560250277
min 0.00039012178841625335
best  add(add(x, 0.8550517064101064), add(mul(x, x), add(add(add(add(x, 0.8550517064101064), 0.7627547503518296), 0.7627547503518296), add(add(add(x, percentOf(0.10232236755087676, x)), 0.7627547503518296), x))))


