probabilitys:
{0: (0.745, [(0.6423841059602649, 0.3576158940397351), (0.42384105960264906, 0.5761589403973509), (0.6556291390728477, 0.3443708609271523), (0.6026490066225165, 0.3973509933774834), (0.6622516556291391, 0.33774834437086093), (0.5298013245033113, 0.47019867549668876), (0.4966887417218543, 0.5033112582781457), (0.6490066225165563, 0.3509933774834437), (0.7549668874172185, 0.24503311258278146), (0.7086092715231789, 0.2913907284768212), (0.41721854304635764, 0.5827814569536424), (0.6622516556291391, 0.33774834437086093)]), 1: (0.255, [(0.339622641509434, 0.660377358490566), (0.41509433962264153, 0.5849056603773585), (0.5471698113207547, 0.4528301886792453), (0.39622641509433965, 0.6037735849056604), (0.5094339622641509, 0.49056603773584906), (0.6415094339622642, 0.3584905660377358), (0.2264150943396226, 0.7735849056603774), (0.24528301886792447, 0.7547169811320755), (0.6603773584905661, 0.33962264150943394), (0.339622641509434, 0.660377358490566), (0.339622641509434, 0.660377358490566), (0.2264150943396226, 0.7735849056603774)])}

predictions
[1, 1, 0, 0, 1, 1, 0, 0, 0, 0, 0, 0]
(0, 0.00045895229613091953)
(1, 3.5968524612556986e-06)
('Class prediction:', 0)
--
[0, 0, 1, 1, 0, 0, 1, 1, 1, 0, 0, 1]
(0, 4.209348503587206e-05)
(1, 5.6829528451607974e-05)
('Class prediction:', 1)
--
[1, 1, 1, 1, 1, 0, 1, 0, 0, 0, 1, 1]
(0, 0.0001292831186908915)
(1, 0.00018424369211589108)
('Class prediction:', 1)
--
[0, 1, 0, 0, 0, 0, 1, 0, 1, 0, 0, 0]
(0, 0.0005990404999874287)
(1, 6.040180102936521e-06)
('Class prediction:', 0)
--
[1, 1, 1, 0, 1, 1, 0, 1, 0, 0, 1, 1]
(0, 9.287477800810211e-05)
(1, 6.0848609276768995e-05)
('Class prediction:', 0)
--
[1, 1, 1, 1, 1, 1, 0, 0, 0, 1, 1, 1]
(0, 4.656147735685545e-05)
(1, 5.859495708133306e-05)
('Class prediction:', 1)
--
[0, 0, 0, 0, 1, 1, 0, 1, 0, 0, 0, 0]
(0, 0.00032798655155511186)
(1, 4.039286989456952e-06)
('Class prediction:', 0)
--
[0, 1, 0, 1, 1, 1, 1, 0, 0, 0, 1, 1]
(0, 0.0003923918759080875)
(1, 6.398210568646384e-05)
('Class prediction:', 0)
--
[1, 1, 1, 1, 1, 0, 1, 0, 0, 1, 0, 1]
(0, 3.8059983539841885e-05)
(1, 0.00018424369211589108)
('Class prediction:', 1)
--
[1, 1, 0, 0, 0, 1, 0, 1, 0, 0, 1, 0]
(0, 0.0006798127216456769)
(1, 2.234730819123363e-05)
('Class prediction:', 0)
--

