open console: 
python3 part4.py

Sample output

  	      	                                 fitness                                 	                      size                     
   	      	-------------------------------------------------------------------------	-----------------------------------------------
gen	nevals	avg     	gen	max     	min     	nevals	std      	avg  	gen	max	min	nevals	std    
0  	500   	0.431845	0  	0.767742	0.380645	500   	0.0984102	3.266	0  	7  	2  	500   	1.35176
1  	284   	0.388916	1  	0.619355	0.174194	284   	0.045515 	3.552	1  	11 	1  	284   	1.57204
2  	273   	0.383316	2  	0.63871 	0.174194	273   	0.0396523	3.72 	2  	14 	1  	273   	1.7837 
3  	282   	0.386748	3  	0.83871 	0.16129 	282   	0.0597487	3.984	3  	17 	1  	282   	2.08224
4  	267   	0.377948	4  	0.864516	0.141935	267   	0.0673615	4.26 	4  	17 	1  	267   	2.11007
5  	286   	0.372013	5  	0.83871 	0.141935	286   	0.0810277	4.766	5  	19 	1  	286   	2.3595 
6  	294   	0.367806	6  	0.83871 	0.129032	294   	0.10101  	5.168	6  	19 	1  	294   	2.59148
7  	279   	0.35071 	7  	0.83871 	0.109677	279   	0.109114 	5.66 	7  	16 	1  	279   	2.5831 
8  	263   	0.315265	8  	0.787097	0.109677	263   	0.131028 	6.386	8  	15 	1  	263   	2.56223
9  	282   	0.301355	9  	0.864516	0.0903226	282   	0.156368 	7.114	9  	19 	1  	282   	2.76134
10 	278   	0.292852	10 	0.883871	0.103226 	278   	0.17572  	7.502	10 	20 	1  	278   	2.81389
11 	266   	0.2656  	11 	0.858065	0.0967742	266   	0.158258 	7.736	11 	20 	1  	266   	2.85347
12 	255   	0.2624  	12 	0.890323	0.0967742	255   	0.170673 	7.896	12 	21 	1  	255   	2.84274
13 	280   	0.261445	13 	0.883871	0.083871 	280   	0.176448 	7.85 	13 	22 	1  	280   	2.81558
14 	259   	0.257703	14 	0.883871	0.0774194	259   	0.18108  	8.042	14 	18 	1  	259   	3.06598
15 	276   	0.25271 	15 	0.883871	0.0774194	276   	0.183819 	8.258	15 	20 	1  	276   	3.28868
16 	284   	0.25311 	16 	0.883871	0.083871 	284   	0.181463 	8.902	16 	27 	1  	284   	3.96338
17 	283   	0.237523	17 	0.890323	0.0774194	283   	0.180254 	9.562	17 	24 	1  	283   	4.2678 
18 	277   	0.227032	18 	0.903226	0.0580645	277   	0.181652 	9.524	18 	27 	1  	277   	4.18968
19 	258   	0.222942	19 	0.909677	0.0580645	258   	0.186799 	10.562	19 	35 	1  	258   	4.5998 
20 	277   	0.221587	20 	0.903226	0.0580645	277   	0.186155 	10.504	20 	28 	1  	277   	4.5363 
21 	253   	0.209677	21 	0.903226	0.0580645	253   	0.180799 	9.952 	21 	22 	1  	253   	4.21731
22 	256   	0.208503	22 	0.903226	0.0580645	256   	0.186392 	9.656 	22 	30 	1  	256   	4.29624
23 	292   	0.228852	23 	0.922581	0.0580645	292   	0.203352 	9.538 	23 	24 	1  	292   	4.30634
24 	262   	0.228748	24 	0.903226	0.0580645	262   	0.208434 	9.88  	24 	24 	1  	262   	4.47678
25 	265   	0.215084	25 	0.903226	0.0451613	265   	0.197271 	10.46 	25 	25 	1  	265   	4.64246
26 	284   	0.231032	26 	0.922581	0.0451613	284   	0.210031 	11.232	26 	30 	1  	284   	4.87465
27 	277   	0.198606	27 	0.922581	0.0451613	277   	0.180761 	11.824	27 	33 	1  	277   	5.02763
28 	297   	0.1848  	28 	0.903226	0.0451613	297   	0.169543 	13.26 	28 	36 	1  	297   	5.80417
29 	277   	0.191097	29 	0.819355	0.0451613	277   	0.16859  	15.008	29 	37 	1  	277   	6.32139
30 	306   	0.185471	30 	0.922581	0.0451613	306   	0.172332 	16.502	30 	49 	3  	306   	6.97897
31 	278   	0.169677	31 	0.922581	0.0451613	278   	0.166707 	18.202	31 	55 	1  	278   	7.7574 
32 	264   	0.159135	32 	0.903226	0.0451613	264   	0.156455 	18.726	32 	69 	1  	264   	7.99618
33 	253   	0.15631 	33 	0.851613	0.0451613	253   	0.157732 	19.222	33 	51 	1  	253   	6.88104
34 	282   	0.163613	34 	0.870968	0.0451613	282   	0.168381 	19.636	34 	51 	1  	282   	7.42102
35 	263   	0.151174	35 	0.948387	0.0451613	263   	0.15935  	19.404	35 	51 	1  	263   	7.12887
36 	280   	0.156929	36 	0.948387	0.0451613	280   	0.167553 	19.152	36 	54 	2  	280   	7.66739
37 	280   	0.152542	37 	0.677419	0.0451613	280   	0.156759 	19.068	37 	67 	1  	280   	7.91981
38 	282   	0.151961	38 	0.793548	0.0451613	282   	0.160136 	19.642	38 	54 	1  	282   	7.50106
39 	287   	0.150839	39 	0.793548	0.0322581	287   	0.162204 	19.56 	39 	48 	1  	287   	7.85814
40 	277   	0.158632	40 	0.619355	0.0322581	277   	0.16438  	19.676	40 	50 	1  	277   	7.83014
41 	272   	0.156697	41 	0.948387	0.0322581	272   	0.168578 	19.788	41 	51 	4  	272   	7.66545
42 	250   	0.146839	42 	0.967742	0.0322581	250   	0.15644  	19.504	42 	49 	3  	250   	7.59223
43 	284   	0.172877	43 	0.916129	0.0322581	284   	0.184073 	18.562	43 	48 	1  	284   	7.2276 
44 	285   	0.162413	44 	0.948387	0.0387097	285   	0.174441 	18.922	44 	53 	1  	285   	8.16504
45 	275   	0.159548	45 	0.916129	0.0322581	275   	0.171415 	19.102	45 	53 	1  	275   	8.42779
46 	254   	0.149677	46 	0.96129 	0.0387097	254   	0.167273 	20.854	46 	60 	1  	254   	9.32334
47 	279   	0.150968	47 	0.96129 	0.0387097	279   	0.173697 	22.002	47 	55 	1  	279   	9.8907 
48 	312   	0.143432	48 	0.96129 	0.0387097	312   	0.166863 	25.014	48 	65 	1  	312   	10.4899
49 	282   	0.139742	49 	0.96129 	0.0387097	282   	0.178532 	28.302	49 	66 	2  	282   	10.8305
50 	265   	0.111832	50 	0.96129 	0.0387097	265   	0.143769 	30.47 	50 	68 	1  	265   	10.2988
51 	259   	0.107032	51 	0.96129 	0.0387097	259   	0.149043 	32.386	51 	73 	1  	259   	9.93866
52 	277   	0.116426	52 	0.96129 	0.0322581	277   	0.163206 	32.976	52 	83 	2  	277   	10.9462
53 	259   	0.0915613	53 	0.96129 	0.0322581	259   	0.133053 	34.898	53 	95 	1  	259   	11.8497
54 	288   	0.101071 	54 	0.96129 	0.0322581	288   	0.147158 	36.558	54 	95 	4  	288   	12.6633
55 	278   	0.100865 	55 	0.96129 	0.0322581	278   	0.146903 	38.096	55 	95 	5  	278   	14.6046
56 	253   	0.100774 	56 	0.96129 	0.0322581	253   	0.151575 	37.838	56 	114	1  	253   	15.0128
57 	273   	0.0987742	57 	0.967742	0.0322581	273   	0.141916 	39.29 	57 	114	3  	273   	17.6697
58 	279   	0.114077 	58 	0.96129 	0.0322581	279   	0.159682 	41.278	58 	110	1  	279   	18.1907
59 	281   	0.110271 	59 	0.967742	0.0258065	281   	0.165017 	44.168	59 	119	2  	281   	16.9614
60 	257   	0.0901935	60 	0.967742	0.0258065	257   	0.131905 	45.386	60 	119	3  	257   	16.968 
percentOf(add(percentOf(add(ARG21, percentOf(ARG21, percentOf(add(ARG21, percentOf(ARG21, ARG21)), percentOf(percentOf(ARG30, ARG35), ARG5)))), percentOf(add(add(ARG17, neg(ARG3)), ARG5), ARG5)), neg(ARG0)), percentOf(add(add(ARG21, ARG21), ARG21), percentOf(ARG1, abs(percentOf(ARG1, ARG21)))))
0.9473684210526315
   	      	                            fitness                                                  size                     
   	      	--------------------------------------------------------------------------------------------------------------
gen	nevals	avg    	gen	max     	min     	nevals	std    avg  	gen	max	min	nevals	std    
0  	500   	0.44529	0  	0.845161	0.225806	500   	0.107533.362	0  	7  	2  	500   	1.43769
1  	282   	0.394465	1  	0.851613	0.225806	282   	0.0607528	3.424	1  	12 	1  	282   	1.51533
2  	268   	0.384323	2  	0.619355	0.154839	268   	0.0433158	3.552	2  	12 	1  	268   	1.76162
3  	275   	0.384929	3  	0.825806	0.116129	275   	0.0542362	3.886	3  	12 	1  	275   	2.12061
4  	283   	0.383768	4  	0.619355	0.135484	283   	0.0603706	4.084	4  	14 	1  	283   	2.14218
5  	278   	0.373987	5  	0.632258	0.116129	278   	0.0656795	4.4  	5  	15 	1  	278   	2.27947
6  	277   	0.368206	6  	0.625806	0.109677	277   	0.0842302	4.896	6  	14 	1  	277   	2.39858
7  	270   	0.360374	7  	0.741935	0.109677	270   	0.104731 	5.44 	7  	21 	1  	270   	2.58503
8  	281   	0.337084	8  	0.774194	0.109677	281   	0.127305 	5.748	8  	13 	1  	281   	2.41257
9  	303   	0.328723	9  	0.748387	0.109677	303   	0.135787 	5.922	9  	15 	1  	303   	2.33921
10 	268   	0.302723	10 	0.864516	0.083871	268   	0.143743 	5.996	10 	14 	1  	268   	2.39499
11 	253   	0.269587	11 	0.825806	0.083871	253   	0.146455 	5.426	11 	15 	1  	253   	2.3282 
12 	269   	0.275935	12 	0.76129 	0.083871	269   	0.165342 	4.888	12 	14 	1  	269   	1.78758
13 	284   	0.25471 	13 	0.858065	0.083871	284   	0.161308 	4.658	13 	12 	1  	284   	1.59532
14 	277   	0.248258	14 	0.883871	0.083871	277   	0.161817 	4.6  	14 	10 	1  	277   	1.37405
15 	277   	0.244748	15 	0.883871	0.083871	277   	0.168493 	4.57 	15 	12 	1  	277   	1.29039
16 	284   	0.238374	16 	0.903226	0.083871	284   	0.171883 	4.586	16 	10 	1  	284   	1.18263
17 	294   	0.235755	17 	0.619355	0.083871	294   	0.168346 	4.704	17 	12 	1  	294   	1.34178
18 	299   	0.231445	18 	0.619355	0.083871	299   	0.164626 	4.812	18 	11 	1  	299   	1.39881
19 	280   	0.225639	19 	0.651613	0.083871	280   	0.168388 	5.026	19 	11 	1  	280   	1.36723
20 	270   	0.214787	20 	0.896774	0.083871	270   	0.170754 	5.142	20 	11 	1  	270   	1.42332
21 	252   	0.209974	21 	0.903226	0.083871	252   	0.169833 	5.286	21 	12 	1  	252   	1.48735
22 	242   	0.190155	22 	0.645161	0.083871	242   	0.164435 	5.378	22 	12 	1  	242   	1.61837
23 	287   	0.203703	23 	0.883871	0.083871	287   	0.169774 	5.288	23 	11 	1  	287   	1.55082
24 	261   	0.201523	24 	0.851613	0.083871	261   	0.167562 	5.472	24 	12 	1  	261   	1.68796
25 	281   	0.219445	25 	0.903226	0.083871	281   	0.175685 	5.484	25 	14 	1  	281   	1.76911
26 	261   	0.201523	26 	0.619355	0.083871	261   	0.171193 	5.652	26 	13 	1  	261   	1.86946
27 	249   	0.201329	27 	0.619355	0.083871	249   	0.166943 	5.672	27 	14 	1  	249   	1.88266
28 	274   	0.199419	28 	0.619355	0.083871	274   	0.164126 	5.652	28 	13 	1  	274   	1.67777
29 	265   	0.19471 	29 	0.774194	0.083871	265   	0.16527  	5.864	29 	13 	1  	265   	1.90722
30 	271   	0.191587	30 	0.619355	0.083871	271   	0.15316  	5.974	30 	13 	1  	271   	2.00732
31 	278   	0.20329 	31 	0.619355	0.083871	278   	0.166888 	6.166	31 	15 	1  	278   	2.04999
32 	264   	0.185471	32 	0.774194	0.083871	264   	0.162093 	6.23 	32 	13 	1  	264   	2.04086
33 	265   	0.194516	33 	0.619355	0.083871	265   	0.16234  	6.508	33 	16 	1  	265   	2.03124
34 	274   	0.200323	34 	0.903226	0.083871	274   	0.164615 	6.716	34 	15 	1  	274   	2.14274
35 	286   	0.1808  	35 	0.619355	0.083871	286   	0.153664 	6.818	35 	17 	1  	286   	2.28755
36 	275   	0.181987	36 	0.619355	0.083871	275   	0.157098 	7.206	36 	18 	1  	275   	2.53999
37 	274   	0.187523	37 	0.619355	0.083871	274   	0.16026  	7.42 	37 	18 	1  	274   	2.75891
38 	274   	0.181703	38 	0.619355	0.083871	274   	0.156293 	7.774	38 	18 	1  	274   	2.88841
39 	292   	0.185755	39 	0.625806	0.083871	292   	0.161647 	7.954	39 	20 	1  	292   	3.04498
40 	279   	0.189794	40 	0.774194	0.083871	279   	0.167343 	8.23 	40 	21 	1  	279   	3.21389
41 	287   	0.182323	41 	0.619355	0.083871	287   	0.159373 	8.228	41 	22 	1  	287   	3.42287
42 	303   	0.192387	42 	0.883871	0.083871	303   	0.170961 	8.342	42 	19 	1  	303   	3.42126
43 	251   	0.170439	43 	0.8     	0.083871	251   	0.155277 	8.448	43 	24 	1  	251   	3.67686
44 	284   	0.176026	44 	0.619355	0.083871	284   	0.162762 	8.676	44 	20 	2  	284   	3.73618
45 	288   	0.190568	45 	0.903226	0.083871	288   	0.173587 	9.062	45 	22 	1  	288   	4.00027
46 	264   	0.180568	46 	0.858065	0.083871	264   	0.158969 	9.544	46 	20 	3  	264   	4.0289 
47 	252   	0.170026	47 	0.774194	0.083871	252   	0.154321 	9.566	47 	23 	1  	252   	4.12039
48 	274   	0.169548	48 	0.619355	0.083871	274   	0.160034 	9.934	48 	27 	1  	274   	4.21967
49 	294   	0.176555	49 	0.619355	0.083871	294   	0.156632 	10.116	49 	23 	1  	294   	4.29867
50 	268   	0.180619	50 	0.645161	0.083871	268   	0.165463 	9.992 	50 	27 	1  	268   	4.32434
51 	268   	0.159226	51 	0.703226	0.083871	268   	0.146106 	10.158	51 	23 	2  	268   	4.03944
52 	266   	0.170039	52 	0.645161	0.083871	266   	0.157521 	10.438	52 	24 	1  	266   	4.45849
53 	259   	0.164129	53 	0.864516	0.083871	259   	0.157942 	10.602	53 	25 	1  	259   	4.2553 
54 	296   	0.158323	54 	0.883871	0.083871	296   	0.14779  	10.794	54 	22 	1  	296   	4.16312
55 	271   	0.16409 	55 	0.619355	0.083871	271   	0.151014 	10.868	55 	24 	3  	271   	4.0761 
56 	262   	0.161303	56 	0.903226	0.083871	262   	0.15567  	11.09 	56 	27 	3  	262   	4.05881
57 	286   	0.171832	57 	0.903226	0.083871	286   	0.163361 	11.088	57 	29 	1  	286   	4.34744
58 	289   	0.161329	58 	0.619355	0.083871	289   	0.148521 	11.128	58 	26 	1  	289   	4.35794
59 	264   	0.167187	59 	0.632258	0.083871	264   	0.152696 	11.298	59 	28 	1  	264   	4.41602
60 	285   	0.167497	60 	0.619355	0.083871	285   	0.153863 	11.192	60 	30 	1  	285   	4.43522
add(neg(abs(ARG3)), ARG17)
0.7894736842105263
   	      	                                fitness                                 	                      size                     
   	      	------------------------------------------------------------------------	-----------------------------------------------
gen	nevals	avg     	gen	max     	min     	nevals	std     	avg 	gen	max	min	nevals	std    
0  	500   	0.433871	0  	0.774194	0.367742	500   	0.100667	3.31	0  	7  	2  	500   	1.41206
1  	278   	0.392452	1  	0.83871 	0.109677	278   	0.0559385	3.646	1  	11 	1  	278   	1.65429
2  	252   	0.387484	2  	0.858065	0.109677	252   	0.0551439	3.682	2  	11 	1  	252   	1.63734
3  	297   	0.382632	3  	0.619355	0.109677	297   	0.0337939	3.628	3  	11 	1  	297   	1.63634
4  	270   	0.383703	4  	0.619355	0.109677	270   	0.0454888	3.84 	4  	11 	1  	270   	1.83586
5  	273   	0.38569 	5  	0.851613	0.109677	273   	0.050393 	3.968	5  	11 	1  	273   	1.95217
6  	307   	0.385768	6  	0.858065	0.109677	307   	0.0599811	4    	6  	11 	1  	307   	1.97687
7  	260   	0.378581	7  	0.858065	0.109677	260   	0.0632737	4.126	7  	13 	1  	260   	2.07416
8  	301   	0.368258	8  	0.619355	0.083871	301   	0.069802 	4.132	8  	15 	1  	301   	2.01955
9  	272   	0.365032	9  	0.851613	0.103226	272   	0.0948408	4.424	9  	12 	1  	272   	2.0814 
10 	292   	0.351458	10 	0.864516	0.103226	292   	0.125599 	4.756	10 	13 	1  	292   	2.02397
11 	287   	0.327755	11 	0.858065	0.103226	287   	0.137899 	4.97 	11 	17 	1  	287   	2.03399
12 	276   	0.2924  	12 	0.896774	0.0967742	276   	0.153391 	5.004	12 	12 	1  	276   	1.7922 
13 	289   	0.290077	13 	0.858065	0.083871 	289   	0.160487 	5.002	13 	13 	1  	289   	1.71872
14 	306   	0.273226	14 	0.890323	0.083871 	306   	0.16274  	4.986	14 	11 	1  	306   	1.66787
15 	267   	0.255755	15 	0.858065	0.0709677	267   	0.162762 	4.794	15 	12 	1  	267   	1.43512
16 	272   	0.256542	16 	0.890323	0.0709677	272   	0.169334 	4.856	16 	13 	1  	272   	1.57075
17 	272   	0.243045	17 	0.619355	0.0709677	272   	0.164379 	4.928	17 	12 	1  	272   	1.55911
18 	295   	0.254774	18 	0.896774	0.0709677	295   	0.182628 	4.94 	18 	13 	1  	295   	1.58632
19 	281   	0.232413	19 	0.741935	0.0709677	281   	0.162714 	5.034	19 	17 	1  	281   	1.80578
20 	252   	0.233277	20 	0.858065	0.0516129	252   	0.168321 	5.134	20 	14 	1  	252   	1.87511
21 	277   	0.234026	21 	0.845161	0.0516129	277   	0.175651 	5.256	21 	14 	1  	277   	2.1472 
22 	279   	0.21591 	22 	0.903226	0.0516129	279   	0.170668 	5.304	22 	14 	1  	279   	2.33743
23 	293   	0.216181	23 	0.864516	0.0516129	293   	0.175757 	5.836	23 	16 	1  	293   	2.89847
24 	290   	0.216516	24 	0.864516	0.0516129	290   	0.175255 	6.35 	24 	15 	1  	290   	2.95897
25 	329   	0.234671	25 	0.845161	0.0516129	329   	0.187881 	7.31 	25 	21 	1  	329   	3.47878
26 	245   	0.196129	26 	0.845161	0.0516129	245   	0.176926 	8.3  	26 	20 	1  	245   	3.86756
27 	268   	0.186568	27 	0.935484	0.0516129	268   	0.173851 	9.626	27 	23 	1  	268   	3.83903
28 	282   	0.178271	28 	0.63871 	0.0516129	282   	0.166785 	10.444	28 	25 	1  	282   	3.81089
29 	256   	0.16449 	29 	0.929032	0.0516129	256   	0.17497  	11.168	29 	26 	1  	256   	3.59218
30 	273   	0.160877	30 	0.883871	0.0516129	273   	0.168269 	11.414	30 	33 	1  	273   	3.64179
31 	263   	0.151884	31 	0.845161	0.0516129	263   	0.162702 	11.766	31 	26 	1  	263   	3.62922
32 	271   	0.171071	32 	0.922581	0.0516129	271   	0.179815 	12.126	32 	28 	1  	271   	4.27903
33 	282   	0.173768	33 	0.929032	0.0387097	282   	0.176139 	12.366	33 	38 	1  	282   	4.69298
34 	297   	0.172981	34 	0.787097	0.0387097	297   	0.173916 	12.534	34 	43 	3  	297   	4.54718
35 	279   	0.169084	35 	0.922581	0.0322581	279   	0.174038 	12.644	35 	43 	1  	279   	4.81386
36 	281   	0.169084	36 	0.948387	0.0322581	281   	0.178083 	12.63 	36 	43 	1  	281   	4.62397
37 	278   	0.175045	37 	0.870968	0.0322581	278   	0.184061 	12.46 	37 	33 	1  	278   	4.24222
38 	283   	0.169019	38 	0.870968	0.0322581	283   	0.170882 	12.608	38 	28 	1  	283   	4.43558
39 	288   	0.161587	39 	0.619355	0.0322581	288   	0.158379 	12.72 	39 	29 	1  	288   	4.23339
40 	279   	0.159523	40 	0.916129	0.0322581	279   	0.166977 	12.466	40 	31 	1  	279   	4.33784
41 	295   	0.173535	41 	0.948387	0.0322581	295   	0.1799   	12.476	41 	28 	1  	295   	4.18825
42 	298   	0.173045	42 	0.909677	0.0322581	298   	0.174941 	12.156	42 	35 	1  	298   	4.26423
43 	266   	0.159652	43 	0.851613	0.0322581	266   	0.165281 	12.174	43 	35 	1  	266   	3.99496
44 	286   	0.165974	44 	0.935484	0.0322581	286   	0.177877 	12.18 	44 	26 	1  	286   	4.06886
45 	295   	0.161071	45 	0.864516	0.0322581	295   	0.167532 	12.328	45 	33 	1  	295   	3.86011
46 	270   	0.166542	46 	0.625806	0.0322581	270   	0.175096 	12.294	46 	32 	1  	270   	4.11091
47 	294   	0.16809 	47 	0.858065	0.0322581	294   	0.173484 	12.526	47 	33 	1  	294   	4.31061
48 	273   	0.163071	48 	0.903226	0.0322581	273   	0.179646 	12.768	48 	45 	2  	273   	4.63489
49 	281   	0.161497	49 	0.625806	0.0322581	281   	0.172132 	12.97 	49 	46 	1  	281   	5.24796
50 	274   	0.169135	50 	0.632258	0.0322581	274   	0.18184  	12.958	50 	40 	3  	274   	5.36919
51 	296   	0.170503	51 	0.619355	0.0322581	296   	0.179315 	12.572	51 	36 	1  	296   	4.69562
52 	276   	0.160361	52 	0.858065	0.0322581	276   	0.171828 	12.408	52 	27 	1  	276   	4.23669
53 	283   	0.165652	53 	0.832258	0.0322581	283   	0.178299 	12.544	53 	29 	1  	283   	4.27879
54 	276   	0.161768	54 	0.929032	0.0322581	276   	0.178822 	12.748	54 	31 	1  	276   	4.23893
55 	263   	0.156439	55 	0.645161	0.0322581	263   	0.178919 	12.384	55 	31 	1  	263   	3.91976
56 	289   	0.164684	56 	0.748387	0.0322581	289   	0.18078  	12.474	56 	30 	1  	289   	3.93412
57 	262   	0.157858	57 	0.619355	0.0322581	262   	0.171381 	12.502	57 	29 	1  	262   	3.68863
58 	279   	0.171974	58 	0.864516	0.0322581	279   	0.184855 	12.396	58 	31 	1  	279   	3.95919
59 	286   	0.162903	59 	0.890323	0.0322581	286   	0.174355 	12.592	59 	29 	2  	286   	3.6102 
60 	250   	0.164271	60 	0.632258	0.0322581	250   	0.181421 	12.65 	60 	27 	1  	250   	3.73678
add(neg(ARG3), abs(percentOf(percentOf(ARG17, neg(ARG27)), add(ARG21, ARG5))))
0.8421052631578947
   	      	                                fitness                                 	                      size                     
   	      	------------------------------------------------------------------------	-----------------------------------------------
gen	nevals	avg     	gen	max     	min     	nevals	std     	avg  	gen	max	min	nevals	std    
0  	500   	0.439432	0  	0.890323	0.212903	500   	0.105392	3.406	0  	7  	2  	500   	1.42027
1  	245   	0.38671 	1  	0.619355	0.141935	245   	0.046247	3.588	1  	11 	1  	245   	1.56788
2  	269   	0.38689 	2  	0.625806	0.116129	269   	0.0534352	3.712	2  	12 	1  	269   	1.70794
3  	285   	0.382594	3  	0.851613	0.116129	285   	0.0569947	3.836	3  	14 	1  	285   	1.86148
4  	281   	0.383394	4  	0.845161	0.116129	281   	0.0774969	4.028	4  	13 	1  	281   	1.87276
5  	284   	0.37689 	5  	0.787097	0.116129	284   	0.0800196	4.232	5  	15 	1  	284   	1.93757
6  	271   	0.367148	6  	0.896774	0.103226	271   	0.0997428	4.728	6  	15 	1  	271   	2.07413
7  	272   	0.356735	7  	0.858065	0.103226	272   	0.120549 	5.398	7  	15 	1  	272   	2.09943
8  	246   	0.328077	8  	0.8     	0.122581	246   	0.126993 	5.484	8  	15 	1  	246   	1.87236
9  	259   	0.320942	9  	0.870968	0.135484	259   	0.145153 	5.74 	9  	15 	1  	259   	1.67105
10 	287   	0.308903	10 	0.845161	0.122581	287   	0.142477 	5.732	10 	14 	1  	287   	1.67815
11 	262   	0.292258	11 	0.883871	0.129032	262   	0.143213 	5.666	11 	13 	1  	262   	1.83805
12 	279   	0.294748	12 	0.825806	0.122581	279   	0.154845 	5.438	12 	12 	1  	279   	1.8553 
13 	260   	0.275239	13 	0.83871 	0.116129	260   	0.148004 	5.416	13 	16 	1  	260   	2.03739
14 	273   	0.26991 	14 	0.864516	0.103226	273   	0.152919 	5.346	14 	14 	1  	273   	2.04115
15 	285   	0.275794	15 	0.658065	0.103226	285   	0.161759 	5.516	15 	14 	1  	285   	2.24627
16 	287   	0.270658	16 	0.883871	0.103226	287   	0.165754 	5.428	16 	15 	1  	287   	2.21016
17 	280   	0.256439	17 	0.735484	0.0967742	280   	0.16521  	5.474	17 	12 	1  	280   	2.22201
18 	253   	0.2392  	18 	0.845161	0.0774194	253   	0.16087  	5.716	18 	16 	1  	253   	2.48744
19 	274   	0.242465	19 	0.845161	0.0774194	274   	0.16964  	5.73 	19 	16 	1  	274   	2.73297
20 	286   	0.247484	20 	0.851613	0.0709677	286   	0.172429 	5.996	20 	22 	1  	286   	2.91479
21 	273   	0.25969 	21 	0.864516	0.0709677	273   	0.185377 	6.056	21 	16 	1  	273   	2.91151
22 	273   	0.239703	22 	0.858065	0.0645161	273   	0.178877 	6.044	22 	20 	1  	273   	3.08059
23 	271   	0.2408  	23 	0.870968	0.0645161	271   	0.182353 	6.708	23 	17 	1  	271   	3.29708
24 	275   	0.21711 	24 	0.929032	0.0516129	275   	0.172706 	7.61 	24 	22 	1  	275   	3.54032
25 	273   	0.211652	25 	0.696774	0.0516129	273   	0.173132 	8.496	25 	22 	1  	273   	3.59416
26 	242   	0.187213	26 	0.903226	0.0516129	242   	0.168216 	9.588	26 	24 	1  	242   	3.68052
27 	289   	0.188129	27 	0.819355	0.0516129	289   	0.16892  	10.32	27 	24 	1  	289   	3.46837
28 	284   	0.181123	28 	0.896774	0.0516129	284   	0.170725 	10.638	28 	30 	1  	284   	3.36852
29 	264   	0.168077	29 	0.806452	0.0516129	264   	0.160332 	10.788	29 	24 	1  	264   	3.18293
30 	284   	0.161987	30 	0.864516	0.0516129	284   	0.155075 	10.488	30 	24 	1  	284   	3.10449
31 	265   	0.162426	31 	0.903226	0.0516129	265   	0.162807 	10.66 	31 	25 	1  	265   	3.4118 
32 	241   	0.162361	32 	0.909677	0.0516129	241   	0.169832 	10.744	32 	24 	2  	241   	3.0852 
33 	297   	0.164323	33 	0.812903	0.0516129	297   	0.168634 	10.492	33 	22 	2  	297   	2.4029 
34 	309   	0.17329 	34 	0.851613	0.0516129	309   	0.169031 	10.384	34 	22 	1  	309   	2.9142 
35 	273   	0.14569 	35 	0.619355	0.0516129	273   	0.144077 	10.76 	35 	23 	3  	273   	2.97631
36 	298   	0.163871	36 	0.845161	0.0516129	298   	0.170017 	10.748	36 	28 	1  	298   	3.18441
37 	284   	0.163316	37 	0.858065	0.0516129	284   	0.169027 	10.356	37 	22 	1  	284   	2.85889
38 	253   	0.14271 	38 	0.858065	0.0516129	253   	0.153048 	10.456	38 	24 	1  	253   	2.73058
39 	273   	0.151665	39 	0.619355	0.0516129	273   	0.161963 	10.39 	39 	18 	1  	273   	2.57952
40 	245   	0.1448  	40 	0.896774	0.0516129	245   	0.158736 	10.496	40 	27 	2  	245   	2.65367
41 	274   	0.150826	41 	0.619355	0.0516129	274   	0.160889 	10.412	41 	28 	2  	274   	2.53658
42 	260   	0.144413	42 	0.619355	0.0516129	260   	0.153127 	10.314	42 	30 	1  	260   	2.9576 
43 	250   	0.144748	43 	0.941935	0.0516129	250   	0.157143 	10.3  	43 	24 	1  	250   	2.63173
44 	281   	0.152761	44 	0.619355	0.0516129	281   	0.160826 	10.38 	44 	24 	1  	281   	2.46487
45 	266   	0.15489 	45 	0.619355	0.0516129	266   	0.168331 	10.314	45 	18 	1  	266   	2.26173
46 	277   	0.156013	46 	0.619355	0.0516129	277   	0.159619 	10.346	46 	24 	1  	277   	2.32944
47 	287   	0.150555	47 	0.619355	0.0516129	287   	0.157047 	10.352	47 	19 	1  	287   	2.45277
48 	267   	0.149239	48 	0.619355	0.0516129	267   	0.154237 	10.342	48 	22 	1  	267   	2.61936
49 	285   	0.159071	49 	0.858065	0.0516129	285   	0.16743  	10.37 	49 	19 	1  	285   	2.69019
50 	282   	0.152542	50 	0.619355	0.0516129	282   	0.1558   	10.308	50 	22 	1  	282   	2.66254
51 	273   	0.144684	51 	0.619355	0.0516129	273   	0.153517 	10.372	51 	22 	1  	273   	2.33787
52 	278   	0.155381	52 	0.819355	0.0516129	278   	0.164021 	10.442	52 	22 	1  	278   	2.73836
53 	262   	0.146219	53 	0.619355	0.0516129	262   	0.158942 	10.574	53 	22 	1  	262   	2.55353
54 	269   	0.152206	54 	0.845161	0.0516129	269   	0.156677 	10.436	54 	22 	1  	269   	2.84146
55 	263   	0.150258	55 	0.619355	0.0516129	263   	0.16309  	10.76 	55 	24 	1  	263   	2.69785
56 	268   	0.14111 	56 	0.619355	0.0516129	268   	0.153893 	10.502	56 	21 	1  	268   	2.46617
57 	282   	0.147174	57 	0.858065	0.0516129	282   	0.158297 	10.444	57 	22 	1  	282   	2.54772
58 	304   	0.170232	58 	0.890323	0.0516129	304   	0.172634 	10.812	58 	22 	1  	304   	2.97669
59 	270   	0.153923	59 	0.858065	0.0516129	270   	0.164951 	10.754	59 	24 	1  	270   	2.74399
60 	263   	0.148348	60 	0.748387	0.0516129	263   	0.156176 	10.88 	60 	24 	1  	263   	2.78309
add(neg(ARG7), percentOf(add(ARG21, ARG21), percentOf(ARG13, ARG29)))
0.8947368421052632
   	      	                            fitness                                                   size                     
   	      	---------------------------------------------------------------------------------------------------------------
gen	nevals	avg    	gen	max     	min     	nevals	std     avg  	gen	max	min	nevals	std    
0  	500   	0.44391	0  	0.729032	0.141935	500   	0.1072193.262	0  	7  	2  	500   	1.33167
1  	279   	0.387974	1  	0.845161	0.141935	279   	0.054981	3.486	1  	12 	1  	279   	1.47438
2  	303   	0.382335	2  	0.767742	0.187097	303   	0.0386372	3.734	2  	12 	1  	303   	1.69919
3  	291   	0.382297	3  	0.883871	0.109677	291   	0.0561796	3.932	3  	15 	1  	291   	1.86424
4  	299   	0.375755	4  	0.76129 	0.109677	299   	0.062621 	3.876	4  	13 	1  	299   	1.81235
5  	278   	0.366929	5  	0.76129 	0.0967742	278   	0.0809008	4.308	5  	13 	1  	278   	2.06037
6  	273   	0.357871	6  	0.851613	0.0967742	273   	0.109236 	4.916	6  	13 	1  	273   	2.10735
7  	281   	0.333071	7  	0.76129 	0.0967742	281   	0.120125 	5.328	7  	14 	1  	281   	2.09772
8  	271   	0.317639	8  	0.890323	0.0967742	271   	0.143372 	5.776	8  	14 	1  	271   	2.06151
9  	290   	0.302439	9  	0.903226	0.0967742	290   	0.161459 	5.88 	9  	12 	1  	290   	1.96102
10 	287   	0.308284	10 	0.870968	0.0516129	287   	0.173592 	6.202	10 	15 	1  	287   	2.21657
11 	277   	0.292594	11 	0.83871 	0.0516129	277   	0.165552 	6.198	11 	15 	1  	277   	2.36279
12 	285   	0.282594	12 	0.890323	0.0516129	285   	0.167727 	6.572	12 	16 	1  	285   	2.3317 
13 	294   	0.278219	13 	0.890323	0.0516129	294   	0.177276 	6.8  	13 	15 	1  	294   	2.40583
14 	291   	0.275677	14 	0.735484	0.0516129	291   	0.182225 	7.184	14 	16 	1  	291   	2.50961
15 	262   	0.249548	15 	0.890323	0.0516129	262   	0.179402 	7.68 	15 	15 	1  	262   	2.3878 
16 	278   	0.258155	16 	0.890323	0.0387097	278   	0.185564 	7.626	16 	15 	1  	278   	2.35757
17 	285   	0.250232	17 	0.890323	0.0387097	285   	0.187204 	8.014	17 	16 	1  	285   	2.51352
18 	253   	0.222723	18 	0.890323	0.0322581	253   	0.177662 	8.334	18 	18 	1  	253   	2.76594
19 	276   	0.238877	19 	0.645161	0.0322581	276   	0.193657 	8.844	19 	19 	1  	276   	3.00594
20 	280   	0.237742	20 	0.890323	0.0322581	280   	0.195334 	9.214	20 	21 	1  	280   	3.25395
21 	233   	0.222865	21 	0.890323	0.0322581	233   	0.198443 	9.42 	21 	19 	1  	233   	3.25509
22 	298   	0.228568	22 	0.890323	0.0322581	298   	0.199431 	9.78 	22 	22 	1  	298   	3.30932
23 	313   	0.231148	23 	0.819355	0.0322581	313   	0.201612 	10.24	23 	21 	1  	313   	2.88901
24 	266   	0.201135	24 	0.787097	0.0322581	266   	0.187734 	10.352	24 	21 	3  	266   	2.60463
25 	264   	0.194877	25 	0.63871 	0.0322581	264   	0.184723 	10.448	25 	20 	2  	264   	2.36459
26 	291   	0.21609 	26 	0.632258	0.0322581	291   	0.204426 	10.198	26 	20 	1  	291   	2.31577
27 	266   	0.198129	27 	0.864516	0.0322581	266   	0.191645 	10.176	27 	19 	1  	266   	1.98621
28 	294   	0.211639	28 	0.870968	0.0322581	294   	0.20009  	10.15 	28 	20 	2  	294   	2.12309
29 	291   	0.204439	29 	0.864516	0.0322581	291   	0.19429  	10.154	29 	19 	1  	291   	2.13876
30 	279   	0.186065	30 	0.625806	0.0322581	279   	0.185748 	10.1  	30 	16 	1  	279   	1.85957
31 	291   	0.194903	31 	0.722581	0.0322581	291   	0.190867 	10.012	31 	21 	1  	291   	2.22707
32 	278   	0.194748	32 	0.619355	0.0322581	278   	0.189115 	10.008	32 	18 	1  	278   	1.99898
33 	306   	0.197858	33 	0.625806	0.0322581	306   	0.191875 	10.086	33 	19 	1  	306   	2.27302
34 	268   	0.195845	34 	0.625806	0.0322581	268   	0.193665 	9.908 	34 	18 	1  	268   	2.1586 
35 	276   	0.193613	35 	0.767742	0.0322581	276   	0.193449 	9.986 	35 	19 	1  	276   	1.8681 
36 	269   	0.185252	36 	0.832258	0.0322581	269   	0.193178 	10.032	36 	19 	2  	269   	1.96545
37 	263   	0.170581	37 	0.632258	0.0322581	263   	0.185233 	10.032	37 	17 	2  	263   	1.80969
38 	276   	0.193742	38 	0.625806	0.0322581	276   	0.197116 	10.008	38 	18 	1  	276   	1.86439
39 	285   	0.196942	39 	0.851613	0.0322581	285   	0.194066 	10.006	39 	21 	1  	285   	1.94061
40 	289   	0.201265	40 	0.645161	0.0322581	289   	0.198275 	10.036	40 	20 	3  	289   	2.00766
41 	276   	0.201394	41 	0.851613	0.0322581	276   	0.203063 	10.044	41 	17 	1  	276   	2.06157
42 	274   	0.1884  	42 	0.645161	0.0322581	274   	0.190985 	9.994 	42 	19 	1  	274   	1.99248
43 	267   	0.188284	43 	0.619355	0.0322581	267   	0.193527 	10.114	43 	19 	2  	267   	1.90604
44 	279   	0.184374	44 	0.619355	0.0322581	279   	0.191623 	9.978 	44 	18 	1  	279   	1.98129
45 	257   	0.172865	45 	0.870968	0.0322581	257   	0.188803 	10    	45 	21 	1  	257   	1.79889
46 	243   	0.166735	46 	0.625806	0.0322581	243   	0.187958 	10.018	46 	19 	1  	243   	1.87555
47 	273   	0.193923	47 	0.754839	0.0322581	273   	0.202516 	9.952 	47 	17 	1  	273   	1.99542
48 	282   	0.200697	48 	0.767742	0.0322581	282   	0.202777 	10.084	48 	21 	1  	282   	2.00623
49 	263   	0.19129 	49 	0.780645	0.0322581	263   	0.201782 	10.178	49 	20 	2  	263   	1.95303
50 	272   	0.1932  	50 	0.774194	0.0322581	272   	0.202623 	10.05 	50 	16 	1  	272   	1.94512
51 	256   	0.191535	51 	0.619355	0.0322581	256   	0.199898 	10.116	51 	19 	3  	256   	1.80846
52 	271   	0.178813	52 	0.619355	0.0322581	271   	0.181643 	10.152	52 	20 	1  	271   	1.88597
53 	271   	0.182994	53 	0.625806	0.0322581	271   	0.189044 	9.952 	53 	18 	1  	271   	1.82145
54 	285   	0.201045	54 	0.670968	0.0322581	285   	0.199889 	10.046	54 	16 	1  	285   	1.93284
55 	295   	0.2084  	55 	0.619355	0.0322581	295   	0.201215 	10.02 	55 	18 	1  	295   	2.06969
56 	287   	0.194477	56 	0.619355	0.0322581	287   	0.188588 	10.102	56 	20 	1  	287   	1.90357
57 	258   	0.181858	57 	0.812903	0.0322581	258   	0.190538 	10.054	57 	20 	3  	258   	1.91287
58 	278   	0.201329	58 	0.625806	0.0322581	278   	0.201091 	9.994 	58 	17 	1  	278   	2.05571
59 	281   	0.192542	59 	0.619355	0.0322581	281   	0.196084 	9.998 	59 	16 	1  	281   	1.98444
60 	271   	0.189806	60 	0.767742	0.0322581	271   	0.190495 	10.106	60 	18 	1  	271   	1.92841
add(neg(add(ARG3, ARG4)), add(percentOf(ARG26, ARG5), ARG17))
0.868421052631579
   	      	                                fitness                                 	                      size                     
   	      	------------------------------------------------------------------------	-----------------------------------------------
gen	nevals	avg     	gen	max     	min     	nevals	std     	avg  	gen	max	min	nevals	std    
0  	500   	0.436013	0  	0.619355	0.374194	500   	0.100769	3.226	0  	7  	2  	500   	1.32474
1  	275   	0.390206	1  	0.619355	0.367742	275   	0.0468254	3.526	1  	10 	1  	275   	1.54833
2  	265   	0.390671	2  	0.632258	0.219355	265   	0.0491031	3.66 	2  	10 	1  	265   	1.61258
3  	294   	0.390426	3  	0.76129 	0.206452	294   	0.0581668	3.954	3  	13 	1  	294   	1.83518
4  	245   	0.383613	4  	0.625806	0.174194	245   	0.0502963	4.18 	4  	10 	1  	245   	1.78202
5  	320   	0.394039	5  	0.787097	0.174194	320   	0.0783573	4.624	5  	13 	1  	320   	1.95924
6  	265   	0.384387	6  	0.754839	0.167742	265   	0.080385 	5.02 	6  	13 	1  	265   	2.2135 
7  	252   	0.379303	7  	0.83871 	0.167742	252   	0.100222 	5.58 	7  	13 	1  	252   	2.06388
8  	260   	0.360219	8  	0.83871 	0.148387	260   	0.108708 	5.878	8  	15 	1  	260   	1.90974
9  	266   	0.358361	9  	0.845161	0.103226	266   	0.13774  	6.092	9  	12 	1  	266   	1.74343
10 	275   	0.329871	10 	0.851613	0.103226	275   	0.138374 	6.298	10 	12 	1  	275   	1.70564
11 	287   	0.327548	11 	0.890323	0.083871	287   	0.148837 	6.356	11 	13 	1  	287   	1.81804
12 	238   	0.291794	12 	0.754839	0.083871	238   	0.132267 	6.354	12 	14 	1  	238   	1.95158
13 	263   	0.300013	13 	0.767742	0.0645161	263   	0.161137 	6.486	13 	22 	1  	263   	2.42277
14 	277   	0.287923	14 	0.780645	0.0645161	277   	0.153842 	6.704	14 	16 	1  	277   	2.73649
15 	271   	0.277755	15 	0.767742	0.0645161	271   	0.158511 	6.9  	15 	19 	1  	271   	3.19656
16 	282   	0.283587	16 	0.851613	0.0645161	282   	0.171091 	7.42 	16 	19 	1  	282   	3.3852 
17 	297   	0.274748	17 	0.851613	0.0645161	297   	0.17155  	7.742	17 	17 	1  	297   	3.39815
18 	264   	0.249665	18 	0.748387	0.0645161	264   	0.166818 	8.234	18 	21 	1  	264   	3.77667
19 	296   	0.256619	19 	0.83871 	0.0645161	296   	0.178398 	8.836	19 	18 	1  	296   	3.95691
20 	254   	0.238632	20 	0.825806	0.0645161	254   	0.170349 	9.83 	20 	22 	1  	254   	4.25642
21 	266   	0.233561	21 	0.63871 	0.0645161	266   	0.171335 	11.276	21 	27 	1  	266   	4.54839
22 	294   	0.242426	22 	0.780645	0.0645161	294   	0.182948 	12.23 	22 	30 	1  	294   	4.57877
23 	278   	0.218994	23 	0.625806	0.0580645	278   	0.167317 	12.782	23 	31 	1  	278   	4.49071
24 	266   	0.203574	24 	0.754839	0.0580645	266   	0.173999 	13.304	24 	30 	3  	266   	4.06541
25 	268   	0.192903	25 	0.625806	0.0580645	268   	0.165587 	13.288	25 	24 	1  	268   	3.37832
26 	281   	0.20551 	26 	0.767742	0.0516129	281   	0.178339 	13.532	26 	25 	2  	281   	3.65143
27 	295   	0.191871	27 	0.619355	0.0580645	295   	0.162014 	13.384	27 	24 	2  	295   	3.4584 
28 	283   	0.20169 	28 	0.625806	0.0580645	283   	0.169644 	13.118	28 	27 	3  	283   	3.44675
29 	286   	0.202761	29 	0.735484	0.0516129	286   	0.179089 	13.204	29 	31 	3  	286   	3.65929
30 	275   	0.215213	30 	0.625806	0.0516129	275   	0.1883   	13.16 	30 	31 	1  	275   	3.53304
31 	279   	0.204387	31 	0.625806	0.0516129	279   	0.181789 	13.032	31 	26 	1  	279   	3.40161
32 	281   	0.206206	32 	0.632258	0.0516129	281   	0.182843 	13.194	32 	24 	1  	281   	3.13694
33 	259   	0.186439	33 	0.76129 	0.0516129	259   	0.171199 	12.998	33 	25 	1  	259   	3.19218
34 	278   	0.190181	34 	0.703226	0.0516129	278   	0.17767  	13.066	34 	29 	1  	278   	3.26154
35 	282   	0.204335	35 	0.877419	0.0516129	282   	0.185716 	12.754	35 	25 	1  	282   	3.29992
36 	267   	0.200748	36 	0.632258	0.0516129	267   	0.184238 	12.404	36 	24 	1  	267   	3.27121
37 	242   	0.179755	37 	0.619355	0.0516129	242   	0.166081 	12.31 	37 	26 	1  	242   	3.12056
38 	265   	0.19351 	38 	0.632258	0.0516129	265   	0.184171 	12.24 	38 	25 	1  	265   	3.10715
39 	274   	0.200594	39 	0.832258	0.0516129	274   	0.182843 	11.874	39 	30 	1  	274   	3.28909
40 	270   	0.203819	40 	0.619355	0.0516129	270   	0.190387 	11.524	40 	26 	1  	270   	2.962  
41 	272   	0.191123	41 	0.780645	0.0516129	272   	0.177441 	11.232	41 	21 	3  	272   	2.74776
42 	281   	0.2228  	42 	0.845161	0.0516129	281   	0.203021 	10.896	42 	25 	2  	281   	2.81019
43 	278   	0.2016  	43 	0.625806	0.0516129	278   	0.180682 	10.71 	43 	21 	1  	278   	2.50876
44 	292   	0.207174	44 	0.619355	0.0516129	292   	0.1807   	10.642	44 	24 	1  	292   	2.55301
45 	303   	0.214065	45 	0.780645	0.0516129	303   	0.190184 	10.54 	45 	21 	1  	303   	2.60392
46 	264   	0.197148	46 	0.619355	0.0516129	264   	0.175839 	10.682	46 	23 	1  	264   	2.39518
47 	263   	0.193729	47 	0.625806	0.0516129	263   	0.176062 	10.58 	47 	18 	3  	263   	2.33315
48 	268   	0.197006	48 	0.664516	0.0516129	268   	0.185062 	10.222	48 	19 	1  	268   	2.41593
49 	251   	0.196129	49 	0.625806	0.0516129	251   	0.187652 	10.432	49 	21 	2  	251   	2.21842
50 	265   	0.207252	50 	0.632258	0.0516129	265   	0.19061  	10.282	50 	21 	1  	265   	2.18414
51 	306   	0.229329	51 	0.625806	0.0516129	306   	0.195729 	10.234	51 	21 	1  	306   	2.50824
52 	262   	0.202219	52 	0.645161	0.0516129	262   	0.181883 	10.296	52 	21 	1  	262   	2.20735
53 	311   	0.221394	53 	0.619355	0.0516129	311   	0.188114 	10.152	53 	18 	1  	311   	2.30237
54 	290   	0.233381	54 	0.780645	0.0516129	290   	0.204487 	10.272	54 	19 	1  	290   	2.3311 
55 	265   	0.213935	55 	0.858065	0.0516129	265   	0.193871 	10.24 	55 	18 	3  	265   	2.23571
56 	273   	0.215019	56 	0.851613	0.0516129	273   	0.192638 	10.266	56 	22 	1  	273   	2.315  
57 	305   	0.226181	57 	0.851613	0.0516129	305   	0.192484 	10.156	57 	16 	1  	305   	2.17156
58 	284   	0.219342	58 	0.8     	0.0516129	284   	0.19077  	10.262	58 	20 	3  	284   	2.26392
59 	289   	0.218813	59 	0.619355	0.0516129	289   	0.190652 	10.196	59 	18 	1  	289   	2.15072
60 	262   	0.207665	60 	0.845161	0.0516129	262   	0.189555 	10.142	60 	18 	1  	262   	2.24718
add(add(percentOf(ARG22, abs(ARG1)), abs(abs(ARG33))), neg(add(ARG23, ARG4)))
0.8947368421052632
   	      	                                fitness                                 	                      size                     
   	      	------------------------------------------------------------------------	-----------------------------------------------
gen	nevals	avg     	gen	max     	min     	nevals	std     	avg  	gen	max	min	nevals	std    
0  	500   	0.433329	0  	0.619355	0.135484	500   	0.101808	3.252	0  	7  	2  	500   	1.31776
1  	275   	0.386387	1  	0.619355	0.135484	275   	0.0484043	3.55 	1  	10 	1  	275   	1.52823
2  	309   	0.388981	2  	0.619355	0.135484	309   	0.0617169	3.576	2  	10 	1  	309   	1.52454
3  	254   	0.376994	3  	0.767742	0.135484	254   	0.0511811	3.716	3  	12 	1  	254   	1.71445
4  	294   	0.37729 	4  	0.787097	0.135484	294   	0.0720023	3.87 	4  	11 	1  	294   	1.78692
5  	285   	0.365019	5  	0.851613	0.116129	285   	0.078625 	3.926	5  	11 	1  	285   	1.75969
6  	245   	0.355665	6  	0.825806	0.116129	245   	0.109772 	4.322	6  	12 	1  	245   	1.75907
7  	243   	0.323445	7  	0.858065	0.0967742	243   	0.119869 	4.802	7  	12 	1  	243   	1.73516
8  	273   	0.298877	8  	0.729032	0.109677 	273   	0.137998 	5.166	8  	15 	1  	273   	1.69188
9  	271   	0.283187	9  	0.832258	0.0967742	271   	0.14676  	5.224	9  	15 	1  	271   	1.67147
10 	285   	0.284348	10 	0.845161	0.0967742	285   	0.154987 	5.176	10 	15 	1  	285   	1.61401
11 	243   	0.249639	11 	0.83871 	0.0967742	243   	0.157404 	5.034	11 	12 	1  	243   	1.49293
12 	276   	0.270826	12 	0.851613	0.0967742	276   	0.164639 	4.946	12 	12 	1  	276   	1.3576 
13 	278   	0.267781	13 	0.832258	0.0967742	278   	0.164682 	5.086	13 	14 	1  	278   	1.59581
14 	258   	0.254374	14 	0.851613	0.0967742	258   	0.16888  	4.948	14 	14 	1  	258   	1.42594
15 	293   	0.24049 	15 	0.890323	0.0967742	293   	0.166557 	4.832	15 	12 	1  	293   	1.24249
16 	271   	0.237961	16 	0.896774	0.0967742	271   	0.170572 	4.856	16 	11 	1  	271   	1.12928
17 	272   	0.234335	17 	0.864516	0.0967742	272   	0.170998 	4.936	17 	11 	2  	272   	1.20163
18 	299   	0.231948	18 	0.787097	0.0967742	299   	0.1598   	4.97 	18 	10 	1  	299   	1.27008
19 	252   	0.220839	19 	0.896774	0.0967742	252   	0.171812 	4.922	19 	11 	1  	252   	1.24415
20 	278   	0.231329	20 	0.896774	0.0967742	278   	0.166086 	4.834	20 	11 	1  	278   	1.27061
21 	296   	0.234645	21 	0.896774	0.0967742	296   	0.170139 	4.872	21 	12 	1  	296   	1.27107
22 	249   	0.229458	22 	0.774194	0.0967742	249   	0.165443 	4.832	22 	10 	1  	249   	1.18312
23 	264   	0.228813	23 	0.858065	0.0967742	264   	0.171675 	4.798	23 	11 	1  	264   	1.23661
24 	298   	0.238426	24 	0.896774	0.0967742	298   	0.16607  	4.932	24 	11 	2  	298   	1.27412
25 	288   	0.227613	25 	0.625806	0.0967742	288   	0.161677 	4.934	25 	11 	1  	288   	1.34672
26 	261   	0.228155	26 	0.896774	0.0967742	261   	0.169476 	5    	26 	13 	1  	261   	1.51261
27 	264   	0.22351 	27 	0.748387	0.0967742	264   	0.159502 	4.912	27 	11 	1  	264   	1.35951
28 	284   	0.240826	28 	0.896774	0.0967742	284   	0.162383 	4.962	28 	14 	1  	284   	1.4059 
29 	283   	0.252439	29 	0.896774	0.0967742	283   	0.167567 	5.038	29 	13 	1  	283   	1.43407
30 	284   	0.238748	30 	0.632258	0.0967742	284   	0.166632 	5.092	30 	13 	1  	284   	1.58099
31 	273   	0.223845	31 	0.851613	0.0967742	273   	0.165377 	5.034	31 	12 	1  	273   	1.50228
32 	308   	0.236116	32 	0.851613	0.0967742	308   	0.166007 	5.146	32 	14 	1  	308   	1.6949 
33 	276   	0.232232	33 	0.896774	0.0967742	276   	0.169096 	5.15 	33 	14 	1  	276   	1.65393
34 	287   	0.231587	34 	0.619355	0.0967742	287   	0.158271 	5.184	34 	12 	1  	287   	1.62915
35 	298   	0.24609 	35 	0.909677	0.0967742	298   	0.17255  	5.046	35 	12 	1  	298   	1.5139 
36 	272   	0.229948	36 	0.883871	0.0967742	272   	0.166435 	5.306	36 	11 	1  	272   	1.54155
37 	272   	0.229329	37 	0.864516	0.0967742	272   	0.169378 	5.186	37 	11 	1  	272   	1.61722
38 	265   	0.229019	38 	0.793548	0.0967742	265   	0.16547  	5.26 	38 	12 	1  	265   	1.52984
39 	260   	0.213845	39 	0.851613	0.0967742	260   	0.15489  	5.28 	39 	12 	1  	260   	1.53023
40 	286   	0.236142	40 	0.754839	0.0967742	286   	0.167026 	5.316	40 	14 	1  	286   	1.57865
41 	276   	0.226361	41 	0.896774	0.0967742	276   	0.156469 	5.176	41 	13 	1  	276   	1.55468
42 	263   	0.213303	42 	0.896774	0.0967742	263   	0.15935  	5.212	42 	12 	1  	263   	1.5745 
43 	274   	0.221432	43 	0.8     	0.0967742	274   	0.16166  	5.268	43 	13 	1  	274   	1.60754
44 	295   	0.237677	44 	0.851613	0.0967742	295   	0.167559 	5.436	44 	13 	1  	295   	1.70936
45 	289   	0.234852	45 	0.619355	0.0967742	289   	0.16035  	5.32 	45 	15 	1  	289   	1.82253
46 	248   	0.229677	46 	0.896774	0.0967742	248   	0.166138 	5.202	46 	14 	1  	248   	1.70798
47 	260   	0.217935	47 	0.896774	0.0967742	260   	0.165354 	5.068	47 	14 	1  	260   	1.58599
48 	249   	0.213781	48 	0.896774	0.0967742	249   	0.167442 	5.15 	48 	14 	1  	249   	1.66358
49 	288   	0.235561	49 	0.619355	0.0967742	288   	0.166603 	5.104	49 	13 	1  	288   	1.51036
50 	262   	0.218529	50 	0.883871	0.0967742	262   	0.165366 	5.104	50 	12 	1  	262   	1.36425
51 	264   	0.241729	51 	0.896774	0.0967742	264   	0.184396 	5.074	51 	11 	1  	264   	1.30097
52 	260   	0.238929	52 	0.851613	0.0967742	260   	0.171311 	5.012	52 	11 	1  	260   	1.33261
53 	272   	0.239265	53 	0.896774	0.0967742	272   	0.169718 	5.156	53 	16 	1  	272   	1.42536
54 	274   	0.227135	54 	0.735484	0.0967742	274   	0.167025 	5.156	54 	11 	1  	274   	1.30371
55 	284   	0.226103	55 	0.619355	0.0967742	284   	0.161124 	5.2  	55 	11 	1  	284   	1.37986
56 	276   	0.228684	56 	0.619355	0.0967742	276   	0.161597 	5.248	56 	11 	1  	276   	1.40943
57 	247   	0.220116	57 	0.896774	0.0967742	247   	0.167018 	5.276	57 	10 	1  	247   	1.3326 
58 	286   	0.224929	58 	0.619355	0.0967742	286   	0.164453 	5.284	58 	14 	1  	286   	1.60479
59 	264   	0.218994	59 	0.864516	0.0967742	264   	0.159412 	5.392	59 	13 	1  	264   	1.63412
60 	298   	0.25071 	60 	0.896774	0.0967742	298   	0.167107 	5.556	60 	14 	1  	298   	1.71664
add(ARG33, neg(ARG11))
0.7631578947368421
   	      	                            fitness                                                   size                     
   	      	---------------------------------------------------------------------------------------------------------------
gen	nevals	avg    	gen	max     	min     	nevals	std     avg  	gen	max	min	nevals	std    
0  	500   	0.44289	0  	0.619355	0.380645	500   	0.1046773.354	0  	7  	2  	500   	1.44246
1  	281   	0.39449	1  	0.619355	0.380645	281   	0.0557968	3.518	1  	9  	1  	281   	1.53156
2  	289   	0.388103	2  	0.76129 	0.380645	289   	0.0427755	3.51 	2  	9  	1  	289   	1.52902
3  	275   	0.385561	3  	0.741935	0.380645	275   	0.0344092	3.594	3  	9  	1  	275   	1.60535
4  	284   	0.386077	4  	0.645161	0.206452	284   	0.0377455	3.608	4  	14 	1  	284   	1.79286
5  	279   	0.385961	5  	0.619355	0.174194	279   	0.037152 	3.682	5  	13 	1  	279   	1.88597
6  	253   	0.387226	6  	0.83871 	0.174194	253   	0.047672 	3.864	6  	13 	1  	253   	1.96202
7  	272   	0.383097	7  	0.832258	0.174194	272   	0.0407196	3.954	7  	13 	1  	272   	1.95956
8  	276   	0.389123	8  	0.883871	0.174194	276   	0.0576369	4.096	8  	11 	1  	276   	2.10019
9  	280   	0.38209 	9  	0.870968	0.16129 	280   	0.0613907	4.37 	9  	13 	1  	280   	2.34715
10 	257   	0.375265	10 	0.845161	0.148387	257   	0.0746489	4.626	10 	14 	1  	257   	2.43601
11 	244   	0.369252	11 	0.858065	0.148387	244   	0.103495 	4.876	11 	17 	1  	244   	2.56215
12 	237   	0.342284	12 	0.851613	0.122581	237   	0.120194 	5.25 	12 	20 	1  	237   	2.61983
13 	280   	0.335265	13 	0.845161	0.116129	280   	0.145405 	5.234	13 	14 	1  	280   	2.28632
14 	264   	0.297252	14 	0.83871 	0.116129	264   	0.139579 	5.16 	14 	14 	1  	264   	2.3286 
15 	290   	0.294684	15 	0.845161	0.0709677	290   	0.1528   	5.018	15 	13 	1  	290   	2.02032
16 	247   	0.282465	16 	0.774194	0.0709677	247   	0.155709 	4.934	16 	15 	1  	247   	2.0054 
17 	272   	0.289187	17 	0.832258	0.0709677	272   	0.163793 	5.008	17 	15 	1  	272   	1.91414
18 	250   	0.260968	18 	0.851613	0.0709677	250   	0.160936 	4.954	18 	11 	1  	250   	1.77084
19 	280   	0.271019	19 	0.864516	0.0709677	280   	0.166613 	4.84 	19 	14 	1  	280   	1.7431 
20 	273   	0.261252	20 	0.903226	0.0709677	273   	0.165465 	5.052	20 	12 	1  	273   	1.97416
21 	275   	0.260877	21 	0.903226	0.0709677	275   	0.170775 	5.282	21 	13 	1  	275   	2.0877 
22 	294   	0.269935	22 	0.903226	0.0645161	294   	0.176844 	5.56 	22 	13 	1  	294   	2.37369
23 	265   	0.26169 	23 	0.916129	0.0645161	265   	0.181811 	6.08 	23 	14 	1  	265   	2.69028
24 	264   	0.252697	24 	0.929032	0.0645161	264   	0.189973 	6.68 	24 	18 	1  	264   	3.04394
25 	269   	0.239419	25 	0.916129	0.0645161	269   	0.193388 	7.942	25 	18 	1  	269   	3.28674
26 	263   	0.246568	26 	0.903226	0.0645161	263   	0.198888 	8.812	26 	19 	1  	263   	3.0654 
27 	253   	0.241923	27 	0.929032	0.0645161	253   	0.202804 	9.426	27 	22 	1  	253   	3.33174
28 	262   	0.231316	28 	0.929032	0.0645161	262   	0.200335 	10.044	28 	20 	1  	262   	2.95737
29 	284   	0.248826	29 	0.935484	0.0580645	284   	0.213828 	10.346	29 	24 	1  	284   	2.87651
30 	265   	0.237342	30 	0.935484	0.0516129	265   	0.206483 	10.368	30 	27 	1  	265   	3.00343
31 	256   	0.22191 	31 	0.929032	0.0516129	256   	0.199321 	10.448	31 	22 	1  	256   	2.72971
32 	282   	0.233045	32 	0.929032	0.0516129	282   	0.215088 	10.642	32 	25 	1  	282   	2.80247
33 	296   	0.232039	33 	0.929032	0.0516129	296   	0.204615 	10.784	33 	25 	1  	296   	3.16375
34 	261   	0.214361	34 	0.845161	0.0516129	261   	0.196315 	10.882	34 	25 	1  	261   	3.11257
35 	265   	0.219277	35 	0.929032	0.0516129	265   	0.210715 	10.888	35 	25 	1  	265   	3.07107
36 	279   	0.223265	36 	0.948387	0.0516129	279   	0.214903 	10.896	36 	23 	1  	279   	3.03005
37 	299   	0.240077	37 	0.948387	0.0516129	299   	0.224134 	11.224	37 	23 	2  	299   	3.24435
38 	271   	0.214452	38 	0.929032	0.0516129	271   	0.204008 	11.426	38 	28 	1  	271   	3.30281
39 	288   	0.208348	39 	0.948387	0.0516129	288   	0.205831 	11.804	39 	25 	1  	288   	3.25785
40 	273   	0.2048  	40 	0.948387	0.0516129	273   	0.215272 	12.01 	40 	25 	1  	273   	3.20529
41 	260   	0.189716	41 	0.948387	0.0516129	260   	0.206405 	12.222	41 	25 	1  	260   	3.36582
42 	249   	0.204632	42 	0.948387	0.0516129	249   	0.214593 	12.5  	42 	25 	1  	249   	3.53072
43 	252   	0.194645	43 	0.948387	0.0516129	252   	0.205861 	12.916	43 	28 	1  	252   	3.49069
44 	263   	0.199561	44 	0.948387	0.0516129	263   	0.21546  	13.516	44 	28 	3  	263   	3.3624 
45 	282   	0.199768	45 	0.948387	0.0516129	282   	0.212098 	13.506	45 	30 	1  	282   	4.04351
46 	292   	0.208155	46 	0.948387	0.0516129	292   	0.216238 	13.68 	46 	28 	1  	292   	4.25413
47 	264   	0.204774	47 	0.948387	0.0516129	264   	0.21445  	13.894	47 	31 	1  	264   	4.68346
48 	276   	0.201252	48 	0.948387	0.0516129	276   	0.215639 	14.43 	48 	30 	1  	276   	4.49145
49 	279   	0.199006	49 	0.948387	0.0516129	279   	0.208934 	14.694	49 	29 	1  	279   	4.83408
50 	301   	0.183497	50 	0.948387	0.0516129	301   	0.197898 	15.396	50 	29 	1  	301   	4.71839
51 	245   	0.166684	51 	0.948387	0.0516129	245   	0.205009 	15.758	51 	38 	3  	245   	4.63977
52 	277   	0.181187	52 	0.948387	0.0516129	277   	0.207233 	15.72 	52 	40 	1  	277   	4.92114
53 	301   	0.193781	53 	0.948387	0.0516129	301   	0.209431 	15.96 	53 	40 	1  	301   	5.7137 
54 	278   	0.1768  	54 	0.948387	0.0516129	278   	0.209421 	16.54 	54 	40 	2  	278   	6.10347
55 	259   	0.174477	55 	0.948387	0.0516129	259   	0.205727 	17.028	55 	45 	2  	259   	6.59782
56 	279   	0.166852	56 	0.948387	0.0516129	279   	0.195048 	17.472	56 	40 	1  	279   	6.52236
57 	267   	0.16671 	57 	0.948387	0.0516129	267   	0.204743 	17.716	57 	46 	1  	267   	6.67618
58 	275   	0.172581	58 	0.948387	0.0516129	275   	0.206256 	18.634	58 	47 	4  	275   	7.35228
59 	263   	0.187497	59 	0.948387	0.0516129	263   	0.212227 	18.248	59 	55 	1  	263   	7.33747
60 	262   	0.166581	60 	0.948387	0.0451613	262   	0.201936 	18.846	60 	44 	1  	262   	7.39367
mul(add(neg(add(ARG18, ARG0)), add(ARG13, ARG17)), abs(add(neg(add(percentOf(ARG26, ARG18), ARG12)), add(ARG18, ARG0))))
0.8157894736842105
   	      	                                fitness                                	                      size                     
   	      	-----------------------------------------------------------------------	-----------------------------------------------
gen	nevals	avg     	gen	max     	min     	nevals	std    	avg  	gen	max	min	nevals	std    
0  	500   	0.445574	0  	0.754839	0.251613	500   	0.10717	3.396	0  	7  	2  	500   	1.46942
1  	279   	0.38991 	1  	0.787097	0.187097	279   	0.052517	3.464	1  	11 	1  	279   	1.51944
2  	275   	0.381419	2  	0.619355	0.174194	275   	0.0431986	3.7  	2  	13 	1  	275   	1.74642
3  	272   	0.373265	3  	0.741935	0.167742	272   	0.0542884	4.018	3  	12 	1  	272   	1.96918
4  	290   	0.3692  	4  	0.741935	0.135484	290   	0.0733509	4.4  	4  	12 	1  	290   	2.28473
5  	264   	0.358568	5  	0.832258	0.109677	264   	0.0997729	4.634	5  	13 	1  	264   	2.26805
6  	242   	0.335768	6  	0.670968	0.109677	242   	0.109311 	5.128	6  	15 	1  	242   	2.44369
7  	285   	0.320955	7  	0.780645	0.109677	285   	0.126423 	5.534	7  	14 	1  	285   	2.53473
8  	275   	0.300439	8  	0.864516	0.109677	275   	0.143358 	6.048	8  	15 	1  	275   	2.80244
9  	268   	0.299123	9  	0.858065	0.109677	268   	0.152925 	6.148	9  	18 	1  	268   	2.87925
10 	245   	0.268335	10 	0.858065	0.083871	245   	0.152144 	5.744	10 	17 	1  	245   	2.64092
11 	254   	0.253574	11 	0.858065	0.083871	254   	0.159646 	5.758	11 	16 	1  	254   	2.54861
12 	282   	0.256142	12 	0.890323	0.083871	282   	0.163315 	5.47 	12 	15 	1  	282   	2.32403
13 	255   	0.246361	13 	0.858065	0.083871	255   	0.165013 	5.314	13 	16 	1  	255   	2.21707
14 	270   	0.247277	14 	0.909677	0.0709677	270   	0.16603  	4.96 	14 	14 	1  	270   	1.99158
15 	284   	0.253148	15 	0.819355	0.0709677	284   	0.168451 	4.866	15 	14 	1  	284   	1.90159
16 	282   	0.258374	16 	0.832258	0.0709677	282   	0.172823 	4.884	16 	15 	1  	282   	2.27124
17 	277   	0.245303	17 	0.619355	0.0709677	277   	0.164045 	5.368	17 	15 	1  	277   	2.82853
18 	293   	0.259665	18 	0.883871	0.0709677	293   	0.182012 	5.932	18 	15 	1  	293   	3.26364
19 	277   	0.241252	19 	0.619355	0.0709677	277   	0.17083  	6.682	19 	19 	1  	277   	3.79959
20 	273   	0.243032	20 	0.903226	0.0709677	273   	0.184786 	7.362	20 	20 	1  	273   	3.96875
21 	280   	0.242581	21 	0.787097	0.0709677	280   	0.17948  	7.954	21 	20 	1  	280   	4.3285 
22 	294   	0.24769 	22 	0.767742	0.0709677	294   	0.180846 	8.244	22 	20 	1  	294   	4.27135
23 	265   	0.226271	23 	0.890323	0.0709677	265   	0.18161  	8.596	23 	23 	1  	265   	4.37456
24 	297   	0.237161	24 	0.832258	0.0645161	297   	0.186903 	9.83 	24 	20 	1  	297   	4.54589
25 	268   	0.222129	25 	0.819355	0.0580645	268   	0.184649 	10.64	25 	22 	1  	268   	4.50449
26 	271   	0.221058	26 	0.903226	0.0580645	271   	0.185363 	11.63	26 	22 	3  	271   	4.05131
27 	265   	0.203368	27 	0.864516	0.0645161	265   	0.182722 	12.566	27 	22 	3  	265   	3.61851
28 	263   	0.192245	28 	0.625806	0.0645161	263   	0.176132 	13.164	28 	25 	2  	263   	3.123  
29 	257   	0.189394	29 	0.619355	0.0580645	257   	0.175706 	13.676	29 	28 	3  	257   	2.94126
30 	261   	0.190335	30 	0.76129 	0.0516129	261   	0.183586 	13.778	30 	25 	1  	261   	2.66021
31 	259   	0.188981	31 	0.858065	0.0516129	259   	0.173753 	13.844	31 	24 	1  	259   	2.88369
32 	265   	0.202684	32 	0.619355	0.0322581	265   	0.184997 	13.972	32 	26 	1  	265   	2.78554
33 	292   	0.205935	33 	0.658065	0.0451613	292   	0.186344 	13.904	33 	24 	1  	292   	2.75586
34 	265   	0.191923	34 	0.625806	0.0451613	265   	0.176632 	14.026	34 	27 	2  	265   	3.0102 
35 	274   	0.194581	35 	0.619355	0.0322581	274   	0.179384 	14.016	35 	27 	1  	274   	2.93866
36 	269   	0.195755	36 	0.619355	0.0451613	269   	0.183485 	14.034	36 	27 	1  	269   	3.22627
37 	285   	0.200787	37 	0.619355	0.0451613	285   	0.179658 	14.256	37 	26 	1  	285   	3.06243
38 	282   	0.211471	38 	0.619355	0.0451613	282   	0.190102 	14.204	38 	29 	1  	282   	3.33802
39 	261   	0.202852	39 	0.877419	0.0451613	261   	0.195007 	14.864	39 	28 	2  	261   	3.73812
40 	284   	0.18769 	40 	0.619355	0.0387097	284   	0.180811 	15.004	40 	29 	1  	284   	3.83875
41 	283   	0.182645	41 	0.619355	0.0387097	283   	0.175659 	15.236	41 	29 	1  	283   	3.99353
42 	293   	0.204077	42 	0.632258	0.0322581	293   	0.187474 	15.524	42 	28 	1  	293   	3.94784
43 	273   	0.202761	43 	0.619355	0.0322581	273   	0.187428 	15.526	43 	30 	1  	273   	3.89427
44 	282   	0.198916	44 	0.619355	0.0322581	282   	0.193183 	15.662	44 	34 	1  	282   	3.86054
45 	278   	0.196039	45 	0.619355	0.0322581	278   	0.194214 	15.864	45 	28 	3  	278   	3.55042
46 	289   	0.196206	46 	0.619355	0.0322581	289   	0.186214 	15.896	46 	28 	1  	289   	3.49016
47 	261   	0.18449 	47 	0.619355	0.0322581	261   	0.183308 	15.978	47 	29 	1  	261   	3.63779
48 	263   	0.186052	48 	0.619355	0.0322581	263   	0.188591 	16.092	48 	29 	1  	263   	3.49736
49 	313   	0.196968	49 	0.645161	0.0322581	313   	0.188225 	16.186	49 	29 	6  	313   	3.41283
50 	284   	0.191303	50 	0.619355	0.0322581	284   	0.184569 	16.14 	50 	29 	1  	284   	3.58893
51 	270   	0.187987	51 	0.619355	0.0322581	270   	0.179238 	15.948	51 	29 	1  	270   	3.40489
52 	292   	0.184065	52 	0.896774	0.0322581	292   	0.186313 	16.1  	52 	28 	7  	292   	3.00433
53 	253   	0.182297	53 	0.690323	0.0322581	253   	0.193234 	16.068	53 	29 	6  	253   	3.18235
54 	285   	0.180103	54 	0.619355	0.0322581	285   	0.182645 	16.104	54 	27 	3  	285   	2.91774
55 	256   	0.165368	55 	0.619355	0.0322581	256   	0.177301 	16.128	55 	26 	1  	256   	2.83189
56 	245   	0.161394	56 	0.619355	0.0322581	245   	0.176861 	16.138	56 	25 	3  	245   	2.72524
57 	263   	0.156968	57 	0.619355	0.0322581	263   	0.172614 	16.094	57 	26 	1  	263   	2.89088
58 	286   	0.172994	58 	0.774194	0.0322581	286   	0.185971 	16.15 	58 	28 	3  	286   	3.03307
59 	272   	0.168181	59 	0.845161	0.0322581	272   	0.180577 	16.344	59 	30 	2  	272   	3.05968
60 	281   	0.163406	60 	0.780645	0.0322581	281   	0.181409 	16.238	60 	30 	2  	281   	3.05505
add(percentOf(mul(ARG23, ARG18), neg(ARG4)), mul(percentOf(ARG5, ARG1), ARG21))
0.9473684210526315
   	      	                                fitness                                 	                      size                     
   	      	------------------------------------------------------------------------	-----------------------------------------------
gen	nevals	avg     	gen	max     	min     	nevals	std     	avg  	gen	max	min	nevals	std    
0  	500   	0.438155	0  	0.858065	0.116129	500   	0.104248	3.282	0  	7  	2  	500   	1.39946
1  	295   	0.391381	1  	0.864516	0.116129	295   	0.0578775	3.398	1  	10 	1  	295   	1.55551
2  	268   	0.384606	2  	0.845161	0.135484	268   	0.053089 	3.434	2  	11 	1  	268   	1.60051
3  	275   	0.380968	3  	0.63871 	0.109677	275   	0.0553545	3.676	3  	13 	1  	275   	1.78074
4  	264   	0.374039	4  	0.632258	0.0903226	264   	0.0649506	3.78 	4  	13 	1  	264   	2.01286
5  	274   	0.374232	5  	0.774194	0.0903226	274   	0.0854896	4.242	5  	15 	1  	274   	2.33483
6  	277   	0.355923	6  	0.845161	0.0903226	277   	0.108199 	4.862	6  	15 	1  	277   	2.65988
7  	247   	0.325097	7  	0.664516	0.0903226	247   	0.124783 	5.482	7  	17 	1  	247   	2.8117 
8  	245   	0.304413	8  	0.845161	0.083871 	245   	0.147847 	5.77 	8  	19 	1  	245   	2.74829
9  	267   	0.285342	9  	0.83871 	0.0774194	267   	0.155076 	6.128	9  	18 	1  	267   	3.06914
10 	255   	0.273213	10 	0.851613	0.0774194	255   	0.16644  	6.232	10 	19 	1  	255   	3.14296
11 	300   	0.25609 	11 	0.909677	0.0774194	300   	0.166639 	7.126	11 	29 	1  	300   	4.07162
12 	269   	0.251058	12 	0.922581	0.0774194	269   	0.175528 	8.498	12 	29 	1  	269   	5.13011
13 	267   	0.239935	13 	0.903226	0.0580645	267   	0.181476 	9.604	13 	31 	1  	267   	5.4921 
14 	295   	0.237871	14 	0.922581	0.0580645	295   	0.186847 	10.996	14 	33 	1  	295   	5.4878 
15 	269   	0.210129	15 	0.941935	0.0580645	269   	0.174459 	12.32 	15 	34 	1  	269   	5.17161
16 	254   	0.186142	16 	0.922581	0.0580645	254   	0.161081 	13.752	16 	38 	1  	254   	5.19601
17 	282   	0.187058	17 	0.922581	0.0580645	282   	0.168643 	14.212	17 	37 	3  	282   	4.87843
18 	303   	0.187935	18 	0.922581	0.0580645	303   	0.174345 	15.032	18 	44 	1  	303   	5.71235
19 	255   	0.172271	19 	0.922581	0.0580645	255   	0.171014 	15.17 	19 	40 	1  	255   	5.57145
20 	276   	0.165484	20 	0.929032	0.0580645	276   	0.165413 	15.952	20 	53 	3  	276   	6.39325
21 	280   	0.179419	21 	0.935484	0.0580645	280   	0.176747 	16.468	21 	50 	2  	280   	6.52664
22 	254   	0.156516	22 	0.941935	0.0580645	254   	0.162221 	16.674	22 	52 	3  	254   	6.57448
23 	288   	0.165535	23 	0.929032	0.0580645	288   	0.167776 	16.176	23 	42 	1  	288   	6.18587
24 	285   	0.163161	24 	0.941935	0.0580645	285   	0.168578 	15.53 	24 	43 	1  	285   	5.63428
25 	284   	0.166258	25 	0.941935	0.0580645	284   	0.166774 	15.44 	25 	48 	1  	284   	5.58591
26 	259   	0.153252	26 	0.941935	0.0580645	259   	0.162879 	15.75 	26 	38 	3  	259   	5.49468
27 	294   	0.155342	27 	0.941935	0.0580645	294   	0.163712 	15.992	27 	40 	1  	294   	5.96858
28 	297   	0.153019	28 	0.941935	0.0580645	297   	0.167139 	16.548	28 	41 	1  	297   	5.74628
29 	290   	0.167265	29 	0.941935	0.0580645	290   	0.181659 	17.09 	29 	47 	1  	290   	6.57373
30 	271   	0.151239	30 	0.941935	0.0580645	271   	0.167793 	17.788	30 	53 	1  	271   	7.03385
31 	290   	0.137019	31 	0.941935	0.0580645	290   	0.153277 	18.354	31 	62 	3  	290   	7.74575
32 	274   	0.134026	32 	0.941935	0.0580645	274   	0.143862 	19.608	32 	62 	1  	274   	9.28517
33 	280   	0.153613	33 	0.941935	0.0580645	280   	0.176927 	20.102	33 	62 	1  	280   	9.28868
34 	272   	0.143935	34 	0.941935	0.0580645	272   	0.171926 	22.128	34 	62 	1  	272   	10.1725
35 	287   	0.135471	35 	0.941935	0.0580645	287   	0.15322  	23.774	35 	70 	1  	287   	11.4045
36 	252   	0.117329	36 	0.941935	0.0580645	252   	0.140513 	25.09 	36 	67 	1  	252   	11.9639
37 	279   	0.13231 	37 	0.941935	0.0580645	279   	0.154036 	26.296	37 	64 	2  	279   	12.3207
38 	274   	0.118865	38 	0.941935	0.0516129	274   	0.141228 	27.546	38 	89 	1  	274   	13.144 
39 	289   	0.113419	39 	0.864516	0.0516129	289   	0.13294  	29.01 	39 	69 	1  	289   	13.5964
40 	274   	0.123497	40 	0.941935	0.0516129	274   	0.148641 	30.386	40 	80 	3  	274   	14.9982
41 	295   	0.113974	41 	0.941935	0.0580645	295   	0.139359 	32.68 	41 	103	1  	295   	15.8934
42 	283   	0.115368	42 	0.941935	0.0580645	283   	0.136658 	34.19 	42 	103	3  	283   	16.9463
43 	264   	0.118671	43 	0.941935	0.0580645	264   	0.150059 	35.47 	43 	103	1  	264   	17.595 
44 	285   	0.116194	44 	0.941935	0.0580645	285   	0.139773 	37.704	44 	89 	3  	285   	17.2506
45 	263   	0.112723	45 	0.941935	0.0580645	263   	0.14733  	38.034	45 	97 	2  	263   	17.4086
46 	272   	0.116116	46 	0.941935	0.0580645	272   	0.140764 	38.088	46 	92 	3  	272   	18.3467
47 	280   	0.102387	47 	0.941935	0.0580645	280   	0.120996 	39.136	47 	93 	3  	280   	18.8211
48 	293   	0.10729 	48 	0.625806	0.0580645	293   	0.123303 	40.43 	48 	100	1  	293   	19.9015
49 	288   	0.105574	49 	0.941935	0.0580645	288   	0.128031 	42.288	49 	109	6  	288   	20.1253
50 	274   	0.103342	50 	0.619355	0.0580645	274   	0.12349  	43.514	50 	109	1  	274   	20.2703
51 	266   	0.090671	51 	0.619355	0.0580645	266   	0.102266 	45.252	51 	112	12 	266   	20.6556
52 	292   	0.109394	52 	0.941935	0.0580645	292   	0.139801 	46.61 	52 	109	2  	292   	21.7886
53 	263   	0.0960774	53 	0.883871	0.0580645	263   	0.114926 	48.424	53 	148	1  	263   	22.8353
54 	306   	0.103794 	54 	0.941935	0.0580645	306   	0.123008 	50.542	54 	148	2  	306   	22.4456
55 	289   	0.103123 	55 	0.941935	0.0580645	289   	0.133088 	50.886	55 	120	2  	289   	23.8025
56 	295   	0.100503 	56 	0.941935	0.0580645	295   	0.126449 	51.646	56 	127	2  	295   	24.0962
57 	270   	0.104297 	57 	0.941935	0.0580645	270   	0.139907 	50.352	57 	131	4  	270   	24.717 
58 	274   	0.118065 	58 	0.941935	0.0580645	274   	0.147537 	51.518	58 	126	3  	274   	24.0779
59 	245   	0.084    	59 	0.619355	0.0580645	245   	0.0937265	52.348	59 	156	1  	245   	24.2749
60 	278   	0.103742 	60 	0.941935	0.0580645	278   	0.130826 	51.802	60 	131	6  	278   	24.109 
mul(abs(add(neg(ARG3), ARG17)), add(percentOf(ARG16, percentOf(add(ARG9, ARG17), ARG17)), neg(ARG12)))
0.9210526315789473
10
10
besttestacc 0.9473684210526315
bestProg percentOf(add(percentOf(add(ARG21, percentOf(ARG21, percentOf(add(ARG21, percentOf(ARG21, ARG21)), percentOf(percentOf(ARG30, ARG35), ARG5)))), percentOf(add(add(ARG17, neg(ARG3)), ARG5), ARG5)), neg(ARG0)), percentOf(add(add(ARG21, ARG21), ARG21), percentOf(ARG1, abs(percentOf(ARG1, ARG21)))))
fitness: (0.025806451612903226,)
testAccs [0.9473684210526315, 0.7894736842105263, 0.8421052631578947, 0.8947368421052632, 0.868421052631579, 0.8947368421052632, 0.7631578947368421, 0.8157894736842105, 0.9473684210526315, 0.9210526315789473]
---
trainAccs [0.9741935483870968, 0.9161290322580645, 0.967741935483871, 0.9483870967741935, 0.967741935483871, 0.9483870967741935, 0.9032258064516129, 0.9548387096774194, 0.967741935483871, 0.9483870967741935]
avgTestAcc 0.868421052631579
avgTrainAcc 0.9496774193548386
