level	page_num	block_num	par_num	line_num	word_num	left	top	width	height	conf	text
1	1	0	0	0	0	0	0	1024	1365	-1	
2	1	1	0	0	0	155	126	87	12	-1	
3	1	1	1	0	0	155	126	87	12	-1	
4	1	1	1	1	0	155	126	87	12	-1	
5	1	1	1	1	1	155	126	61	12	81	COMPX
5	1	1	1	1	2	219	126	23	12	91	102
2	1	2	0	0	0	575	0	251	72	-1	
3	1	2	1	0	0	575	0	251	72	-1	
4	1	2	1	1	0	575	0	251	72	-1	
5	1	2	1	1	1	575	0	251	72	95	  
2	1	3	0	0	0	302	188	527	87	-1	
3	1	3	1	0	0	302	188	527	87	-1	
4	1	3	1	1	0	302	188	526	24	-1	
5	1	3	1	1	1	302	196	68	13	90	otherwise
5	1	3	1	1	2	377	198	42	11	84	create
5	1	3	1	1	3	426	199	7	9	95	a
5	1	3	1	1	4	440	199	28	9	95	new
5	1	3	1	1	5	475	195	35	17	96	plant
5	1	3	1	1	6	517	198	14	9	96	as
5	1	3	1	1	7	537	197	23	13	94	per
5	1	3	1	1	8	566	193	21	12	94	the
5	1	3	1	1	9	594	190	56	16	94	existing
5	1	3	1	1	10	657	188	36	14	84	code.
5	1	3	1	1	11	701	188	30	12	96	You
5	1	3	1	1	12	738	191	24	9	96	can
5	1	3	1	1	13	769	188	31	21	95	check
5	1	3	1	1	14	802	188	26	12	95	if
4	1	3	1	2	0	303	207	526	25	-1	
5	1	3	1	2	1	303	217	34	13	92	there
5	1	3	1	2	2	345	217	11	12	96	is
5	1	3	1	2	3	363	221	16	8	96	an
5	1	3	1	2	4	386	216	56	16	96	existing
5	1	3	1	2	5	449	216	29	16	96	plant
5	1	3	1	2	6	480	216	24	12	96	in
5	1	3	1	2	7	511	215	26	13	96	that
5	1	3	1	2	8	545	213	56	18	96	position
5	1	3	1	2	9	608	212	17	16	96	by
5	1	3	1	2	10	633	209	53	17	89	looping
5	1	3	1	2	11	694	207	51	17	96	through
5	1	3	1	2	12	746	207	32	13	96	the
5	1	3	1	2	13	786	207	21	13	96	list
5	1	3	1	2	14	814	208	15	12	96	of
4	1	3	1	3	0	303	229	525	25	-1	
5	1	3	1	3	1	303	238	46	16	93	plants,
5	1	3	1	3	2	357	237	24	13	96	and
5	1	3	1	3	3	389	237	47	16	90	calling
5	1	3	1	3	4	444	237	21	12	93	the
5	1	3	1	3	5	473	235	67	14	91	IsClicked
5	1	3	1	3	6	548	233	57	14	96	method,
5	1	3	1	3	7	613	231	52	18	96	passing
5	1	3	1	3	8	674	230	12	12	96	in
5	1	3	1	3	9	695	229	21	12	96	the
5	1	3	1	3	10	724	230	51	11	91	current
5	1	3	1	3	11	776	231	52	19	94	mouse
4	1	3	1	4	0	303	248	491	27	-1	
5	1	3	1	4	1	303	259	60	16	90	position.
5	1	3	1	4	2	369	258	27	13	96	Can
5	1	3	1	4	3	401	262	26	12	96	you
5	1	3	1	4	4	433	261	22	13	96	say
5	1	3	1	4	5	461	257	28	13	96	what
5	1	3	1	4	6	490	257	45	16	96	plant
5	1	3	1	4	7	540	255	11	13	96	is
5	1	3	1	4	8	556	257	12	11	96	at
5	1	3	1	4	9	573	254	26	13	96	that
5	1	3	1	4	10	604	252	61	18	94	position,
5	1	3	1	4	11	672	251	11	13	96	if
5	1	3	1	4	12	687	254	25	9	96	one
5	1	3	1	4	13	717	248	53	17	88	already
5	1	3	1	4	14	776	248	18	13	94	is?
2	1	4	0	0	0	154	300	283	16	-1	
3	1	4	1	0	0	154	300	283	16	-1	
4	1	4	1	1	0	154	300	283	16	-1	
5	1	4	1	1	1	154	300	47	16	96	Task
5	1	4	1	1	2	208	301	17	15	95	2:
5	1	4	1	1	3	233	301	101	15	96	BlackJack
5	1	4	1	1	4	340	300	97	16	96	continued
2	1	5	0	0	0	302	326	530	67	-1	
3	1	5	1	0	0	302	326	530	67	-1	
4	1	5	1	1	0	302	326	529	27	-1	
5	1	5	1	1	1	302	335	40	13	88	Mike
5	1	5	1	1	2	348	339	7	9	93	a
5	1	5	1	1	3	361	339	31	12	93	copy
5	1	5	1	1	4	392	339	16	9	94	of
5	1	5	1	1	5	410	335	35	18	17	yeu
5	1	5	1	1	6	447	334	78	17	90	blackjack
5	1	5	1	1	7	531	333	59	17	50	prograin
5	1	5	1	1	8	596	332	33	12	93	froin
5	1	5	1	1	9	635	329	62	19	95	Practical
5	1	5	1	1	10	704	329	14	17	89	2,
5	1	5	1	1	11	722	327	52	14	96	NOTE:
5	1	5	1	1	12	782	326	11	13	96	Do
5	1	5	1	1	13	795	327	36	12	93	not
4	1	5	1	2	0	303	346	529	23	-1	
5	1	5	1	2	1	303	360	23	9	96	use
5	1	5	1	2	2	333	353	33	16	96	Save
5	1	5	1	2	3	374	356	11	12	92	As
5	1	5	1	2	4	387	353	47	15	84	from
5	1	5	1	2	5	441	355	44	13	84	Visual
5	1	5	1	2	6	493	354	50	15	96	Studio,
5	1	5	1	2	7	550	357	14	9	96	as
5	1	5	1	2	8	571	353	25	13	96	this
5	1	5	1	2	9	603	352	31	16	96	only
5	1	5	1	2	10	641	351	44	13	96	makes
5	1	5	1	2	11	693	353	7	9	87	a
5	1	5	1	2	12	707	352	34	13	95	copy
5	1	5	1	2	13	749	347	16	14	96	of
5	1	5	1	2	14	771	351	17	9	94	one
5	1	5	1	2	15	789	346	43	15	95	file,
4	1	5	1	3	0	303	376	154	17	-1	
5	1	5	1	3	1	303	379	22	11	91	not
5	1	5	1	3	2	330	377	21	13	91	the
5	1	5	1	3	3	356	377	43	13	95	whole
5	1	5	1	3	4	404	376	53	17	96	project.
2	1	6	0	0	0	303	410	530	65	-1	
3	1	6	1	0	0	303	410	530	65	-1	
4	1	6	1	1	0	303	410	529	24	-1	
5	1	6	1	1	1	303	418	52	16	96	Modify
5	1	6	1	1	2	364	421	33	13	96	your
5	1	6	1	1	3	405	417	33	13	96	code
5	1	6	1	1	4	446	421	15	9	96	so
5	1	6	1	1	5	470	417	26	13	96	that
5	1	6	1	1	6	505	417	9	12	96	it
5	1	6	1	1	7	522	416	23	13	94	has
5	1	6	1	1	8	553	420	8	9	94	a
5	1	6	1	1	9	569	415	21	13	96	list
5	1	6	1	1	10	598	414	16	14	97	of
5	1	6	1	1	11	621	414	38	13	92	cards
5	1	6	1	1	12	667	411	89	18	91	representing
5	1	6	1	1	13	765	410	22	13	95	the
5	1	6	1	1	14	796	413	36	9	90	users
4	1	6	1	2	0	303	431	530	27	-1	
5	1	6	1	2	1	303	439	38	12	86	hand.
5	1	6	1	2	2	347	438	30	20	19	(Xd
5	1	6	1	2	3	380	438	11	17	59	&
5	1	6	1	2	4	398	438	44	17	0	list’Box
5	1	6	1	2	5	443	436	27	15	91	to
5	1	6	1	2	6	477	438	29	16	59	show
5	1	6	1	2	7	506	435	31	15	92	all
5	1	6	1	2	8	543	437	16	13	96	of
5	1	6	1	2	9	564	437	21	18	62	thé
5	1	6	1	2	10	591	436	51	17	51	playets
5	1	6	1	2	11	642	432	108	21	0	caéds\(instead
5	1	6	1	2	12	756	431	16	14	96	of
5	1	6	1	2	13	778	431	21	13	96	the
5	1	6	1	2	14	806	433	27	10	94	two
4	1	6	1	3	0	303	454	434	21	-1	
5	1	6	1	3	1	303	462	26	10	96	text
5	1	6	1	3	2	334	460	52	15	96	boxes).
5	1	6	1	3	3	391	459	30	13	96	Add
5	1	6	1	3	4	426	463	7	9	93	a
5	1	6	1	3	5	439	459	39	13	91	button
5	1	6	1	3	6	479	463	24	9	96	so
5	1	6	1	3	7	509	459	21	12	93	the
5	1	6	1	3	8	535	458	44	17	93	player
5	1	6	1	3	9	584	461	24	9	94	can
5	1	6	1	3	10	613	459	21	15	91	get
5	1	6	1	3	11	640	460	7	9	91	an
5	1	6	1	3	12	660	457	36	12	93	extra
5	1	6	1	3	13	701	454	36	13	93	card.
2	1	7	0	0	0	646	436	15	16	-1	
3	1	7	1	0	0	646	436	15	16	-1	
4	1	7	1	1	0	646	436	15	16	-1	
5	1	7	1	1	1	646	436	15	16	95	  
2	1	8	0	0	0	297	494	537	86	-1	
3	1	8	1	0	0	297	494	537	86	-1	
4	1	8	1	1	0	303	494	531	23	-1	
5	1	8	1	1	1	303	501	27	13	92	Now
5	1	8	1	1	2	330	501	86	13	35	when"thé
5	1	8	1	1	3	425	501	44	16	96	player
5	1	8	1	1	4	478	504	50	13	16	presses”
5	1	8	1	1	5	538	500	21	12	11	thé
5	1	8	1	1	6	559	499	41	13	11	Deal
5	1	8	1	1	7	611	499	50	17	79	bution,
5	1	8	1	1	8	670	497	9	13	92	it
5	1	8	1	1	9	689	495	49	16	32	adds’a
5	1	8	1	1	10	748	495	31	13	95	card
5	1	8	1	1	11	789	496	13	11	95	to
5	1	8	1	1	12	812	494	22	12	95	the
4	1	8	1	2	0	297	515	537	23	-1	
5	1	8	1	2	1	297	521	57	17	72	“players
5	1	8	1	2	2	361	522	25	12	72	list.
5	1	8	1	2	3	392	522	37	12	96	Then
5	1	8	1	2	4	436	521	21	13	35	{oop
5	1	8	1	2	5	458	521	60	17	96	through
5	1	8	1	2	6	519	521	35	12	96	the
5	1	8	1	2	7	558	516	23	17	95	list
5	1	8	1	2	8	587	519	25	13	96	and
5	1	8	1	2	9	619	516	51	19	96	display
5	1	8	1	2	10	677	518	12	13	96	the
5	1	8	1	2	11	691	517	35	13	96	list
5	1	8	1	2	12	733	516	13	13	96	in
5	1	8	1	2	13	752	516	22	13	96	the
5	1	8	1	2	14	781	515	53	13	94	listbox.
4	1	8	1	3	0	303	535	531	24	-1	
5	1	8	1	3	1	303	542	39	15	87	Also,
5	1	8	1	3	2	343	539	38	20	91	keep
5	1	8	1	3	3	388	546	8	9	95	a
5	1	8	1	3	4	402	542	30	13	95	total
5	1	8	1	3	5	439	542	16	13	96	of
5	1	8	1	3	6	459	542	22	13	96	the
5	1	8	1	3	7	487	541	42	17	96	points
5	1	8	1	3	8	536	541	34	13	88	from
5	1	8	1	3	9	576	541	21	13	96	the
5	1	8	1	3	10	603	540	37	13	89	cards
5	1	8	1	3	11	647	539	13	13	89	in
5	1	8	1	3	12	667	539	21	13	96	the
5	1	8	1	3	13	695	538	52	17	93	players
5	1	8	1	3	14	754	536	35	14	92	hand
5	1	8	1	3	15	796	535	38	17	77	(list).
4	1	8	1	4	0	303	563	127	17	-1	
5	1	8	1	4	1	303	563	55	17	95	Display
5	1	8	1	4	2	364	563	18	13	94	this
5	1	8	1	4	3	383	563	47	13	94	total.
2	1	9	0	0	0	293	599	546	46	-1	
3	1	9	1	0	0	293	599	546	46	-1	
4	1	9	1	1	0	303	599	536	23	-1	
5	1	9	1	1	1	303	604	43	13	63	‘When
5	1	9	1	1	2	352	608	26	13	96	you
5	1	9	1	1	3	385	604	24	13	95	have
5	1	9	1	1	4	411	604	37	13	96	this
5	1	9	1	1	5	454	604	63	16	96	working,
5	1	9	1	1	6	522	604	17	13	95	do
5	1	9	1	1	7	545	604	21	12	95	the
5	1	9	1	1	8	572	607	35	9	96	same
5	1	9	1	1	9	613	602	21	13	96	for
5	1	9	1	1	10	640	602	21	13	96	the
5	1	9	1	1	11	666	603	76	19	96	computers
5	1	9	1	1	12	747	600	40	13	93	hand,
5	1	9	1	1	13	793	599	46	13	28	Make’
4	1	9	1	2	0	293	622	499	23	-1	
5	1	9	1	2	1	293	626	32	12	0	the
5	1	9	1	2	2	331	627	67	15	70	computer
5	1	9	1	2	3	403	626	49	19	95	always
5	1	9	1	2	4	457	626	29	19	96	take
5	1	9	1	2	5	492	629	15	9	96	an
5	1	9	1	2	6	512	627	35	17	68	extra’
5	1	9	1	2	7	552	628	21	9	93	‘card
5	1	9	1	2	8	574	624	25	19	96	if
5	1	9	1	2	9	602	624	25	13	95	their
5	1	9	1	2	10	629	626	37	15	77	total
5	1	9	1	2	11	667	623	20	13	77	is
5	1	9	1	2	12	693	623	26	12	90	less
5	1	9	1	2	13	725	622	30	13	81	than
5	1	9	1	2	14	763	622	29	12	78	15.”
2	1	10	0	0	0	304	662	533	39	-1	
3	1	10	1	0	0	304	662	533	39	-1	
4	1	10	1	1	0	304	662	533	21	-1	
5	1	10	1	1	1	304	667	12	13	94	If
5	1	10	1	1	2	321	671	27	12	96	you
5	1	10	1	1	3	354	666	92	17	96	implemented
5	1	10	1	1	4	452	666	20	13	95	the
5	1	10	1	1	5	478	666	54	16	83	betting,
5	1	10	1	1	6	537	666	29	12	96	then
5	1	10	1	1	7	572	665	21	13	96	the
5	1	10	1	1	8	599	665	44	16	93	player
5	1	10	1	1	9	649	663	98	17	96	automatically
5	1	10	1	1	10	753	665	29	15	96	gets
5	1	10	1	1	11	788	662	21	17	96	paid
5	1	10	1	1	12	811	662	26	13	91	if
4	1	10	1	2	0	304	685	455	16	-1	
5	1	10	1	2	1	304	688	33	13	95	their
5	1	10	1	2	2	342	688	34	13	96	hand
5	1	10	1	2	3	382	688	27	13	88	size
5	1	10	1	2	4	415	687	10	13	88	is
5	1	10	1	2	5	431	688	7	12	95	5
5	1	10	1	2	6	444	691	15	9	95	or
5	1	10	1	2	7	463	691	36	9	91	more
5	1	10	1	2	8	504	687	36	13	91	cards
5	1	10	1	2	9	546	686	24	13	96	and
5	1	10	1	2	10	576	686	21	13	96	the
5	1	10	1	2	11	602	690	29	9	93	sum
5	1	10	1	2	12	636	686	11	12	93	is
5	1	10	1	2	13	653	685	26	13	95	still
5	1	10	1	2	14	684	685	17	13	90	21
5	1	10	1	2	15	708	689	8	9	90	o
5	1	10	1	2	16	717	685	42	13	95	Jess.
2	1	11	0	0	0	153	729	331	19	-1	
3	1	11	1	0	0	153	729	331	19	-1	
4	1	11	1	1	0	153	729	331	19	-1	
5	1	11	1	1	1	153	732	48	16	96	Task
5	1	11	1	1	2	207	732	17	16	96	3:
5	1	11	1	1	3	233	731	74	16	96	Reward
5	1	11	1	1	4	316	731	62	16	96	Points
5	1	11	1	1	5	386	729	98	17	96	continued
2	1	12	0	0	0	153	1257	18	14	-1	
3	1	12	1	0	0	153	1257	18	14	-1	
4	1	12	1	1	0	153	1257	18	14	-1	
5	1	12	1	1	1	153	1257	18	14	88	26
2	1	13	0	0	0	198	769	11	12	-1	
3	1	13	1	0	0	198	769	11	12	-1	
4	1	13	1	1	0	198	769	11	12	-1	
5	1	13	1	1	1	198	769	11	12	66	1.
2	1	14	0	0	0	303	764	539	146	-1	
3	1	14	1	0	0	303	764	539	146	-1	
4	1	14	1	1	0	303	764	536	17	-1	
5	1	14	1	1	1	303	767	20	13	95	The
5	1	14	1	1	2	324	767	37	13	93	file
5	1	14	1	1	3	368	765	102	14	74	timmovies.csv
5	1	14	1	1	4	477	765	58	13	94	contains
5	1	14	1	1	5	541	765	21	12	94	the
5	1	14	1	1	6	569	764	43	13	96	movie
5	1	14	1	1	7	618	764	49	13	96	viewing
5	1	14	1	1	8	668	764	62	17	95	details
5	1	14	1	1	9	736	764	16	13	86	of
5	1	14	1	1	10	758	768	7	9	86	a
5	1	14	1	1	11	771	766	68	11	96	customer
4	1	14	1	2	0	304	785	536	18	-1	
5	1	14	1	2	1	304	788	42	13	96	called
5	1	14	1	2	2	352	787	34	13	86	Tim.
5	1	14	1	2	3	392	786	40	13	96	Write
5	1	14	1	2	4	438	790	7	9	94	a
5	1	14	1	2	5	451	789	59	14	96	program
5	1	14	1	2	6	515	785	26	13	96	that
5	1	14	1	2	7	547	785	36	13	95	reads
5	1	14	1	2	8	589	785	32	13	95	each
5	1	14	1	2	9	627	785	27	13	96	line
5	1	14	1	2	10	659	785	35	13	95	from
5	1	14	1	2	11	699	785	22	13	95	the
5	1	14	1	2	12	728	785	23	13	96	file
5	1	14	1	2	13	757	785	26	13	96	and
5	1	14	1	2	14	789	788	51	10	96	creates
4	1	14	1	3	0	304	806	536	18	-1	
5	1	14	1	3	1	304	813	7	9	93	a
5	1	14	1	3	2	318	808	45	14	96	movie
5	1	14	1	3	3	369	807	58	17	95	viewing
5	1	14	1	3	4	434	807	43	16	96	object
5	1	14	1	3	5	483	806	38	17	93	using
5	1	14	1	3	6	528	806	21	13	96	the
5	1	14	1	3	7	555	806	34	13	89	data.
5	1	14	1	3	8	596	806	10	13	93	It
5	1	14	1	3	9	614	806	30	13	95	then
5	1	14	1	3	10	651	807	42	13	96	checks
5	1	14	1	3	11	694	806	25	14	96	if
5	1	14	1	3	12	725	807	22	13	96	the
5	1	14	1	3	13	754	807	44	17	96	points
5	1	14	1	3	14	805	807	35	13	93	have
4	1	14	1	4	0	304	828	537	19	-1	
5	1	14	1	4	1	304	830	54	17	94	expired
5	1	14	1	4	2	369	829	44	17	93	(using
5	1	14	1	4	3	423	828	52	17	96	today’s
5	1	14	1	4	4	485	828	40	16	95	date),
5	1	14	1	4	5	535	828	25	13	95	and
5	1	14	1	4	6	570	828	58	17	96	displays
5	1	14	1	4	7	639	828	22	13	96	the
5	1	14	1	4	8	671	828	85	14	94	information
5	1	14	1	4	9	768	829	40	13	94	about
5	1	14	1	4	10	819	829	22	12	94	the
4	1	14	1	5	0	304	849	537	19	-1	
5	1	14	1	5	1	304	851	43	17	96	points
5	1	14	1	5	2	353	850	31	13	96	with
5	1	14	1	5	3	390	850	41	13	95	either
5	1	14	1	5	4	436	850	21	12	96	the
5	1	14	1	5	5	462	849	36	13	93	word
5	1	14	1	5	6	503	849	69	17	89	“cxpired”
5	1	14	1	5	7	578	853	14	9	95	or
5	1	14	1	5	8	597	849	96	14	95	“unclaimed”,
5	1	14	1	5	9	699	850	31	13	95	You
5	1	14	1	5	10	735	850	18	13	96	do
5	1	14	1	5	11	759	852	23	11	87	not
5	1	14	1	5	12	788	850	34	13	95	need
5	1	14	1	5	13	828	852	13	11	93	to
4	1	14	1	6	0	304	870	538	18	-1	
5	1	14	1	6	1	304	875	35	10	96	store
5	1	14	1	6	2	345	872	17	13	94	all
5	1	14	1	6	3	369	871	16	14	94	of
5	1	14	1	6	4	390	871	21	13	96	the
5	1	14	1	6	5	417	870	44	14	90	movie
5	1	14	1	6	6	467	870	57	17	90	viewing
5	1	14	1	6	7	531	870	50	17	96	objects
5	1	14	1	6	8	587	873	13	10	96	at
5	1	14	1	6	9	606	870	25	14	95	this
5	1	14	1	6	10	638	873	37	15	95	stage
5	1	14	1	6	11	681	871	29	16	88	(see
5	1	14	1	6	12	717	871	55	16	96	below).
5	1	14	1	6	13	779	871	30	14	96	You
5	1	14	1	6	14	816	875	26	9	96	can
4	1	14	1	7	0	304	892	319	18	-1	
5	1	14	1	7	1	304	894	28	13	96	also
5	1	14	1	7	2	338	893	41	14	96	check
5	1	14	1	7	3	385	897	32	13	96	your
5	1	14	1	7	4	422	892	34	14	96	code
5	1	14	1	7	5	461	896	8	9	96	on
5	1	14	1	7	6	470	892	26	13	96	the
5	1	14	1	7	7	497	892	36	13	93	file
5	1	14	1	7	8	538	892	51	17	92	gawain
5	1	14	1	7	9	592	896	31	10	87	csv.
2	1	15	0	0	0	304	934	539	104	-1	
3	1	15	1	0	0	304	934	539	104	-1	
4	1	15	1	1	0	304	934	538	18	-1	
5	1	15	1	1	1	304	935	51	14	96	Extend
5	1	15	1	1	2	361	939	33	13	96	your
5	1	15	1	1	3	400	935	25	13	96	code
5	1	15	1	1	4	426	937	18	11	95	to
5	1	15	1	1	5	445	937	48	11	95	store
5	1	15	1	1	6	0	0	1024	1365	96	a
5	1	15	1	1	7	500	934	34	14	95	list
5	1	15	1	1	8	540	934	16	14	93	of
5	1	15	1	1	9	561	935	109	17	93	movie-viewing
5	1	15	1	1	10	677	935	51	17	95	objects
5	1	15	1	1	11	735	935	40	17	95	along
5	1	15	1	1	12	781	935	32	14	95	with
5	1	15	1	1	13	820	936	22	13	95	the
4	1	15	1	2	0	305	956	537	18	-1	
5	1	15	1	2	1	305	957	64	13	95	members
5	1	15	1	2	2	378	957	59	12	80	number.
5	1	15	1	2	3	445	956	54	17	96	Change
5	1	15	1	2	4	508	956	21	13	95	the
5	1	15	1	2	5	537	956	34	14	96	code
5	1	15	1	2	6	579	956	30	14	96	from
5	1	15	1	2	7	609	959	41	15	96	step
5	1	15	1	2	8	661	957	4	13	68	I
5	1	15	1	2	9	676	959	13	11	91	to
5	1	15	1	2	10	697	957	33	13	95	check
5	1	15	1	2	11	731	957	29	13	96	if
5	1	15	1	2	12	767	957	22	13	96	the
5	1	15	1	2	13	797	957	45	17	95	points
4	1	15	1	3	0	304	977	538	18	-1	
5	1	15	1	3	1	304	978	34	13	94	have
5	1	15	1	3	2	345	978	54	17	94	expired
5	1	15	1	3	3	406	978	18	16	96	by
5	1	15	1	3	4	431	977	54	18	96	looping
5	1	15	1	3	5	493	977	55	17	96	through
5	1	15	1	3	6	556	978	21	13	96	the
5	1	15	1	3	7	584	978	27	15	96	list,
5	1	15	1	3	8	617	978	43	13	90	rather
5	1	15	1	3	9	667	978	30	13	90	than
5	1	15	1	3	10	705	982	14	9	96	as
5	1	15	1	3	11	727	978	31	17	96	they
5	1	15	1	3	12	766	978	34	14	96	have
5	1	15	1	3	13	808	979	34	13	96	been
4	1	15	1	4	0	304	999	539	18	-1	
5	1	15	1	4	1	304	999	31	13	88	read
5	1	15	1	4	2	341	999	35	13	88	from
5	1	15	1	4	3	382	999	13	13	96	the
5	1	15	1	4	4	396	999	41	13	59	file.
5	1	15	1	4	5	443	999	34	13	96	Note
5	1	15	1	4	6	484	999	26	13	96	that
5	1	15	1	4	7	516	999	25	13	91	this
5	1	15	1	4	8	547	999	27	13	91	will
5	1	15	1	4	9	581	1003	30	9	95	now
5	1	15	1	4	10	618	999	33	13	96	need
5	1	15	1	4	11	658	1002	13	10	95	to
5	1	15	1	4	12	677	999	43	17	94	happen
5	1	15	1	4	13	721	999	48	14	96	after
5	1	15	1	4	14	775	1004	27	13	96	you
5	1	15	1	4	15	808	1000	35	13	95	have
4	1	15	1	5	0	305	1021	524	17	-1	
5	1	15	1	5	1	305	1021	57	13	96	finished
5	1	15	1	5	2	367	1021	44	13	96	reading
5	1	15	1	5	3	413	1021	26	17	96	the
5	1	15	1	5	4	441	1021	40	13	95	file.
5	1	15	1	5	5	486	1021	36	13	96	Check
5	1	15	1	5	6	523	1021	40	13	96	that
5	1	15	1	5	7	569	1025	32	13	96	your
5	1	15	1	5	8	606	1021	44	17	96	points
5	1	15	1	5	9	656	1021	45	17	90	expiry
5	1	15	1	5	10	707	1022	34	13	90	code
5	1	15	1	5	11	747	1022	26	13	86	still
5	1	15	1	5	12	779	1022	50	14	83	works.
2	1	16	0	0	0	925	640	7	14	-1	
3	1	16	1	0	0	925	640	7	14	-1	
4	1	16	1	1	0	925	640	7	14	-1	
5	1	16	1	1	1	925	640	7	14	62	4
2	1	17	0	0	0	927	952	13	34	-1	
3	1	17	1	0	0	927	952	13	34	-1	
4	1	17	1	1	0	927	952	13	34	-1	
5	1	17	1	1	1	927	952	13	34	35	oq
2	1	18	0	0	0	926	1015	15	35	-1	
3	1	18	1	0	0	926	1015	15	35	-1	
4	1	18	1	1	0	926	1015	15	35	-1	
5	1	18	1	1	1	926	1015	15	35	23	L
2	1	19	0	0	0	969	338	9	7	-1	
3	1	19	1	0	0	969	338	9	7	-1	
4	1	19	1	1	0	969	338	9	7	-1	
5	1	19	1	1	1	969	338	9	7	43	4
2	1	20	0	0	0	958	346	20	145	-1	
3	1	20	1	0	0	958	346	20	145	-1	
4	1	20	1	1	0	958	346	20	145	-1	
5	1	20	1	1	1	965	458	13	33	64	by
5	1	20	1	1	2	958	346	20	85	17	ta
2	1	21	0	0	0	965	518	14	4	-1	
3	1	21	1	0	0	965	518	14	4	-1	
4	1	21	1	1	0	965	518	14	4	-1	
5	1	21	1	1	1	965	518	14	4	33	1
2	1	22	0	0	0	962	547	7	3	-1	
3	1	22	1	0	0	962	547	7	3	-1	
4	1	22	1	1	0	962	547	7	3	-1	
5	1	22	1	1	1	962	547	7	3	30	:
2	1	23	0	0	0	971	823	15	32	-1	
3	1	23	1	0	0	971	823	15	32	-1	
4	1	23	1	1	0	971	823	15	32	-1	
5	1	23	1	1	1	971	823	15	32	0	=)
2	1	24	0	0	0	972	885	14	32	-1	
3	1	24	1	0	0	972	885	14	32	-1	
4	1	24	1	1	0	972	885	14	32	-1	
5	1	24	1	1	1	972	885	14	32	38	a
2	1	25	0	0	0	973	948	14	33	-1	
3	1	25	1	0	0	973	948	14	33	-1	
4	1	25	1	1	0	973	948	14	33	-1	
5	1	25	1	1	1	973	948	14	33	51	ud
2	1	26	0	0	0	927	1136	62	169	-1	
3	1	26	1	0	0	927	1136	62	169	-1	
4	1	26	1	1	0	927	1136	62	169	-1	
5	1	26	1	1	1	927	1136	62	169	95